Costs	Duraton	Task_1	Task_2	Task_3	Task_4	Task_5	Task_6	Task_7	Task_8	Task_9	Task_10
1	410	2293	2294	807	61
1	410	1736	1737	809	1739
1	470	3166	3167	2364	2365	2366	3171
1	440	3172	2369	2370	3173
1	462	804	805	910	911	912	913
1	462	1733	1734	2294	2295	1737	1738
1	462	812	1744	3157	3158	3159	3160
1	462	3155	3156	920	921	922	923
1	462	918	919	67	68	69	70
1	462	994	3174	2373	2374	2375	2376
1	462	2371	2372	996	3082	3083	3084
1	462	3089	3090	3091	3092	3093	3094
1	462	1002	1003	3181	1005	1006	1007
1	439	2555	2556	2183	2351	2298
1	478	1704	1705	849	850	851	2093	2094
1	433	2284	2285	2286
1	473	2792	2793	1407	1408	1409	1410	2626
1	435	1925	566	253
1	444	569	2002	1628
1	400	626	570	961
1	401	1713	1714	1715	1716	1717	1718	1719
1	472	967	1639	2105
1	438	1406	1204	1205
1	478	2796	2797	2798	2799
1	380	847	3018	3019
1	376	968	3045	3046
1	400	15	2621	332	333
1	458	2174	523	2701	3143
1	438	590	2110	2111	2112	2113
1	470	2220	2875	2469	2470
1	408	549	550	2522	2523	934	935
1	380	1047	2045	2046	2047
1	460	1290	1291	1292	751	587
1	479	2243	2850	2851	2852
1	463	738	739
1	376	1649	1650	1651	1652	2502
1	438	2497	2498	2499	2500	2501	1653	1654	2397	2398
1	381	214	215	216	217	218
1	376	1824	1825	1826	1827	1468
1	382	2529	2530	2531	2532	2533	1828	1829	1771
1	382	42	43	2588
1	471	706	1849	1600	1601	1602
1	466	1567	1568	1569	1570	1571
1	464	1569	1217	1218	1219
1	445	2871	674	675	2951	2952
1	427	1694	2786	2787	819	2789
1	427	481	1037	344	1086	1087	1088
1	465	899	900
1	446	291	1864	1865	1866	1674
1	417	1505	1506	1974
1	458	1645	1646	1647	640
1	458	278	279	280	281
1	458	2573	2574	2575	1615
1	458	883	884	885	886
1	458	2043	2044	2538	2221
1	473	689	690	691	692	1115	1116
1	376	702	703	2231	2232	2233
1	381	3000	3001	549	550	551
1	371	1105	1106	2048
1	360	2642	158
1	441	1625	1833
1	431	2439	2440	2731	2732	2733	2734
1	463	2028	2029	2030	2031	2032
1	409	2438	2912	2913	2439
1	395	2440	2441	2442	1262
1	409	1263	1264	1265	775
1	395	776	2320	2321	2033
1	407	2924	2925	2926	2633	2634
1	433	3147	2716	3149
1	476	1837	1838	1839	2591	2592	1053
1	710	905	906	54	55	907	908	909	806
1	630	813	814	980	981	71
1	710	985	75	927	928	929	930	931	932
1	560	987	79	80	988	989	990
1	710	997	2377	3086	3087
1	680	2382	2383	1526	2385	2386	2387	2388	1008
1	687	3092	1527	1528	3095	3096	418	419
1	659	3096	3097	3098	2475	2476	2477	2478	2479
1	710	2480	1010	2392	2393	2394	585
1	710	1530	1531	1532	1012	1013	1014
1	650	1015	1016	1017	1018	1019	1020
1	530	1017	1018	1019	1020	1021	1022
1	672	1731	1	906	54	2292	2293
1	522	55	56	908	58	59	60
1	672	808	809	810	811
1	702	914	915	916	917	1743	1744	1745	1746
1	612	924	925	984	985	3165	3166
1	642	982	983	984	985	75	76	77	78
1	702	73	74	75	3166	2363	3168
1	705	3169	3170	1913	1914	1915	1277	1278
1	642	2367	2368	2369	2370	1281	1282	3081	995
1	702	1279	1280	1281	3174	3175	3176
1	612	998	999	1000	1001	3089	3090
1	533	1417	1418	1987	3080	1150
1	647	2062	2291	2552	2553	2609	3
1	679	1441	1442	428	429	2554
1	619	2709	2710	2711	2712	2554
1	683	1482	1483	1329	429	2713
1	550	1484	429	2348
1	695	1386	1387	2352
1	635	1389	1390	2661	3148	3149	3150	3151	3152
1	583	1395	1396	1397	1398	1399
1	712	3061	3062	2788
1	615	1355	1356	1357
1	665	1411	1412	829	830	1207	2630	2631	2202	2203
1	672	1982	1983	1149	1985	1092	1093	2457	2458
1	615	398	399	400
1	640	1518	1519	1520	1521	3024
1	704	3025	3026	3027	3028	3029	3030	574	575	1229	1230	3141	1232	1233	1234
1	521	1534	1244	1245	2057	2058	2059	2060
1	679	441	442	816	817	818	819	820
1	589	1330	1486	1487	2179	2180	2181	2182	2183
1	647	2184	2660	1391	1392	1393	1394	6	7	8	1853
1	717	2715	2716	2717	2718	1338	1339	2069	2070	2071	2072	2073	1135
1	716	438	439	974	2118	2119	2120	2121	2783	2784
1	681	975	976	977	2784	2785	3063	3064
1	677	2624	2625	2626	2627	2628	1034	341
1	713	2316	2317	2318	1082	1083	1084	1085
1	541	2679	2680	2681	2682	24	25	26	352
1	712	3033	3034	3186	3187	2282	2283	3035	3036	3037	3038	3039
1	690	1403	2128	2129	2130	2131	2132	2133
1	661	764	765	766	767	768	769	770	771	2134	2627	828	829
1	682	2134	2135	2136	2137	2138	2139	1084
1	653	2920	2921	2922	2923	2924	2925	2926	2927	2928
1	683	2631	2632	2633	2676	2677	2678	2679	2680	2681	2682	2683	2684
1	713	1040	2802	3075	3076	3077	3078	1418	1419
1	658	491	492	395	396	397	2211	1987	1988	1989	1990
1	702	1420	1421	2941	2942	2943	2944	402
1	665	2213	87	790	791	90	91	794
1	690	1924	299	2089	2090	1998	1999	512
1	671	795	1996	1706	301
1	713	795	1996	849	850	851	1164	1165	1166
1	640	3044	3045	3046	2056	2057
1	647	199	2656	2657
1	495	2658	2659	2016	2906
1	601	1190	1191	1192	2842	2915
1	637	2916	2614	2615	2616	1402	1403
1	524	2122	2123	2124	2125	2126	1349
1	693	824	2795	1206
1	693	2452	1366	30
1	704	494	495	496	497	498	499	500	501	502
1	711	1575	1576	501	502	503	504	505
1	588	2943	1924	1925	1926	1927
1	698	1928	2465	1708	1709	1710	957	958	959	960
1	704	2000	2170	2171	2172	2817	2818
1	666	2172	2817	2818	2819	1720	1721
1	711	2008	2009	2010	1257	203	1543
1	638	2011	2012	2013	2185	1599
1	538	1257	203	204	205	206	1849
1	706	825	826	827	830	831
1	706	2453	2454	2455	1095	1096
1	616	2453	1367	2326
1	714	843	844	845	846	2158	509
1	702	2327	2156	2157	505	506	507	508	509
1	648	510	511	512	1711	1712
1	547	859	2336	2337	45	1385
1	706	1886	1887	1888	1891	1892
1	561	3191	1783	310
1	560	1595	2655	2656
1	636	1851	1852	2074	2075	2781
1	611	2909	2910	2911	2912	2913	1962	1963
1	616	1194	2844	2845	2846	2847
1	512	12	1347	656
1	714	1964	1965	1966	1967	1968
1	557	657	658	659	660	661
1	620	1269	1084	2929	2930	2931
1	575	393	394	27	28	29
1	607	2932	1572	1573	785	786	787
1	575	1927	1928	2168	2169	2170
1	662	3020	3021	306	307	308
1	620	627	1631	1175	1176	1177
1	634	963	964	3142	369	1885	1886
1	682	1597	1332	1333	1334	1335	1336	2840	1495
1	675	171	172	1496	1551
1	507	3067	1310	1311	1312
1	686	335	336	337	338	339	1208	1209	1210	1211
1	538	340	1035	342	1357	344	345	346
1	507	347	3074	3075	2684	2685	2686	2687
1	631	615	2216	2948	2269	300	1707
1	586	2466	2467	2468	361	362	2815	102	1328
1	560	471	2613	2614	14
1	594	2614	758	759	1350
1	715	2614	1806	1807	1808	1809	225	331
1	571	2804	2805	2806	2807	2808	2269	300
1	692	3136	3137	3138	2428	2173
1	702	2609	2835	2836	2837	2717	2718	1338
1	665	2566	2567	1751
1	651	2313	446	447
1	702	1147	2673	2674	2675	23	488	489	2681
1	707	482	483	484	485	486	487	1362	490	1276	1916
1	652	3080	1150	1151	1152	1153	1154	1155	1156	1157	1158
1	703	1931	2095	2096
1	622	1522	1523	1524	1525	3182	3183	3184
1	586	22	1361	1980	1981	1513
1	586	1516	1159	1518
1	588	2896	2897	2898	268	166
1	525	2975	2976	2977	313	314	315	166
1	566	2899	2900	1054	2107	2108
1	560	2107	587	588	589
1	680	2107	587	588	2982
1	633	3053	3054	320	2112	2113
1	705	2983	2984	210	211	1898
1	678	2112	2113	2114	2115	2303	2304	1065	1066	1067
1	621	2018	2019	1898	1066	1067
1	639	2504	2505	756	378	127	128
1	564	321	322	174	175
1	560	709	710	711	2024	876	877
1	607	757	1343	1138	2507	715
1	697	1068	1069	1070	328	329	330
1	656	1071	1072	1810	1811	284	228	229
1	526	716	717	2994	2995	718	719
1	518	1555	1556	387	2515	2516
1	693	228	229	230	231	595	596	597	598	599
1	684	285	286	287	1314	1315
1	655	2417	2418	2419	2420	2421	2422	500	32
1	679	728	729	730	731	732	733	734	1469
1	702	2691	2041	733	734	1469	2269	2270
1	701	2086	2087	2088	2808	2809	2810
1	705	672	673	2872	2873	35	1471	1472
1	579	405	894	895	896
1	716	1470	2537	2538	2539
1	560	2811	2812	160	161
1	607	1473	1474	1475	363	364	2471	1588
1	715	2815	2816	2429	2540	2541	2698	2699	2700
1	705	1589	1590	2340
1	614	524	525	526	3194
1	718	3195	3196	3197	2769	903
1	672	2769	1729	1730
1	672	2769	903	116	117	118
1	664	2978	165	318	319
1	668	316	317	120	121
1	573	166	167	3052	1447
1	668	125	126	2190	2191
1	543	125	126	379	380	381	382	383
1	664	2192	2853
1	690	1613	1614	879	880
1	573	721	722	1669	1670	1671	1316
1	537	721	2517	2518	2519	2520	2521	2522
1	689	2576	2577	2859
1	664	2856	2857	2750	1819
1	583	144	145	1220	1320	247
1	513	2692	733	734	735	736
1	664	34	2874
1	553	1047	1048	1049	1050
1	682	2762	2698	3098	2475	2476	687
1	719	1051	1052	2822	2823	112
1	597	1112	1113	2823	2824
1	567	636	637	2893	2894
1	573	113	114	115	3198
1	534	1845	1846	533	534
1	616	2238	2239	3116
1	713	1297	1451	1452	1453
1	703	537	2242
1	710	711	2024	539	540	541	542	543	1074
1	586	876	2508	2243	1813
1	656	2509	2510	2511	2994	2995	2246	2247	2248	2249	2409
1	616	1814	1815	2080
1	703	2079	1457
1	707	2515	2516	233	234	665	1458	1459
1	703	3119	1818
1	586	2410	601	2747	2748	2749	2750
1	656	602	1568	1569	2257	2258	1618	1619	1620	1621
1	652	2747	2748	2259	2260	2261	1621
1	616	2637	2638	669
1	664	2261	2262	2263	2752	2753	1463	1464
1	703	668	1623
1	703	1461	2641
1	534	1622	1623	1465	1466
1	616	1830	1831	159
1	703	2586	1834
1	703	738	2587
1	697	1835	1836	1837
1	702	44	2338	108	2590
1	703	1840	1841	2595	2596	2597	2598	2599	743
1	612	2595	2596	2597	2598	1842	1843	528	1180
1	703	2546	2600	2601	2602
1	689	744	695	2769	903	746	747
1	656	2489	2490	2491	270	271	272	273
1	571	219	220	221	1808	1809	1810	2569
1	704	2402	2403	2404	2405	2406	223	224	2994	2995	2246	2247
1	575	235	236	237	2744	2745	2746	2857	603
1	655	242	293	2525	2526
1	667	889	890	154	2583	735	736	36
1	668	2584	2585	2757	157	1626	410
1	610	37	38	39	40	41	2880	2881	2882	2883
1	524	40	41	2880	2881	2882	2883	2884	2885	2964
1	659	2494	2495	2496	2497	2498	642	643	644	2234
1	654	2774	210	211	212	213	214	215	216	217
1	703	1826	889	890	891	892	1100	2950	676	677	678	679	680
1	692	697	269	2492	2493	2494	2495
1	692	386	132	133	134	135	136	137
1	692	605	1820	1821	1822	1823	2527	2528
1	713	736	737	895	896	2876	2877	2878	2879
1	672	2244	2245	2996	2997	2998	2999	1079
1	632	1080	1081	832	1566	1567
1	632	2939	2940	1097	1098	1099
1	521	893	568	2001	2002	2003
1	688	2646	2647	2648
1	537	1602	1603	1604	2023	712
1	545	782	2324	2035	2036	2037
1	605	2038	2039	2040	248	249	250
1	537	406	407	2953	2954	2955	409	1627
1	612	2003	2004	2643	2644
1	660	1628	1434	1384
1	659	2741	2742	2743	139	140	141	936	1215
1	641	1216	295	2863
1	628	2864	2865	2866	2867	2868	2869	2870
1	524	408	1105	2696
1	488	2697	2049	2338
1	524	2647	2226	1592
1	719	3049	3050	3051	2901	753	754
1	719	1064	756	174	591
1	524	472	591	592	473
1	675	474	475	476	2623	1755	1756	1757	1758
1	513	1668	595	722	723
1	542	1759	1760	1761	1670	1671	1672	1272
1	708	1862	2629	1208	2412	1673
1	702	726	1868	1869	1041	1042	1043
1	679	1044	1045	2469	898
1	702	1044	1045	2469	2273	2274	2275
1	675	367	368	369	1722	1945	1946	1947	1948	1949
1	500	1480	1481	1729
1	586	170	171	172	1496
1	694	943	944	945	1152	1153	400	401	2945	2946	1872	1873
1	629	256	257	258	3030	2097	3032	1633	1634
1	587	103	801	899
1	706	267	460	461	462	1123	1124
1	500	1125	1126	1544	2560	2561
1	717	1799	1800	1801	1802	1803	1804
1	662	1327	99	100	101	799	800
1	644	2227	2228	2229	753	754	2832
1	689	2227	427	1486	1487	2179	1446	2109
1	584	595	722	723	724
1	645	595	1560	1561	1562	1563	1270	1271
1	509	1868	609	610	1768	2266
1	490	2251	2854
1	530	702	703	275	276	3056	3057
1	684	702	703	704	705	208	209
1	557	2234	2235	2236	2237	2189	1897
1	649	2234	2774	210	211	2020	2021	2022
1	669	210	211	2985	2986	2987	2988	1605	1606
1	649	2989	2990	2991	2992	1142
1	651	1607	1608	1609	130	2993
1	692	1073	1074	1075	1076	1077	1078
1	632	1810	1811	1812	2737	2738
1	717	2512	2513	2514	2515	2516	2517	2518
1	647	3000	3001	3002	3003	3004	3005	3006	3007	3008
1	527	2739	2740	2741	2742	2743	238	239
1	681	552	553	2751	144	145	146
1	654	1105	2696	413	414	415	416
1	498	1846	533	534	535
1	626	536	711	2024	2241
1	618	875	711	2024	2025
1	617	2240	3117
1	498	538	539	540	1454
1	506	3118	1456
1	498	1455	1817
1	498	3120	2081	2082	2083
1	626	1460	2640
1	512	2639	670
1	497	669	2754
1	498	1462	1463	1464	1624
1	617	1832	740
1	661	708	709	710	711	712	713	714
1	683	2411	2412	2413	2414	937	938	243
1	695	244	245	2264	2265	1769
1	679	3110	3111
1	679	360	1476
1	679	1477	2767
1	679	2768	696
1	591	1985	1986	1987	3080	1283	1284	1285
1	600	1289	1290	1291	2007	200
1	626	1954	2433	201	202
1	647	1253	1254	1255	1256	1542	2437
1	646	1538	1539	1254	1255	1256	1542	2437
1	675	2434	2435	2436	1541	1542	204	1127	1128	2186	2187
1	521	2735	2027	1264	1265
1	629	2194	2195	1264	1265	2030	2031	2032
1	720	2196	2197	2319	777	778	779	780
1	612	555	838	839	1367	1368	3125
1	654	784	840	841	842	2327	2328
1	720	784	785	786	1422	1423	1424	1425
1	574	1426	1427	1377	1378	1379
1	612	1774	620	621	622	1380	1381
1	626	1428	1429	1382	1383
1	589	2330	621	622	623	624	625	1713	1382
1	657	3071	3072	833	834	835	836	837	838
1	657	1880	1881	860	861	369	370	371	309
1	618	1344	1345	1346	1347	2126	2127	2128
1	642	1475	363	364	365	366	367	368
1	573	649	650	651	652	653	654
1	647	391	392	2449	348	349	2147	2148
1	573	2149	2150	2151	2152	2153	2154
1	573	1775	1776	1777	1778	1779	1780
1	555	3059	3060	2567
1	509	2006	741	2593	2594	742
1	410	66	1747	1748	3161
1	479	3139	522	2175
1	446	1147	1698	484	485	486
1	471	1306	1307	1308	1969	2736
1	471	250	251	252	567	406
1	471	2050	2051	2052	2053	2645
1	466	207	208	209	2775	2776
1	427	1919	792	793	92	93	94
1	435	3049	2227	2829	2830	2831
1	446	2905	1333	1062	1063	1548
1	476	2967	2968	2969	2970	633	2225
1	455	1430	1431	1432	1880	2820
1	471	1369	1370	1371	1372	1373	2329
1	710	52	2550	2551	55	56	57
1	706	803	53	1732	55	56	1735
1	620	1740	1741	1742	65
1	706	62	63	64	812	919	920
1	590	72	73	74	986
1	496	3162	3163	3164	926
1	496	991	992	993	3173
1	706	2378	2379	2380	1678	1003	1004
1	663	81	82	83	1978	1979	1362	1363	1276	1277	1278
1	642	3179	3088	1678	2384
1	702	2389	584	2391	1011
1	702	1529	1009	2391	1532
1	500	2291	55	56	2
1	589	2277	2278	2279	580	581	582	583	420	421
1	647	2355	2356	1743	1744	2357	2358
1	647	96	1677	2381	1679	1680	1681
1	642	2651	2652	2653	428	429	2554
1	594	2204	85	86	2207	2208	2209	2210
1	682	1932	1933	1934	1935	1936	1937	1938	1939	1940
1	687	869	870	871	2057	2058	2059	2060
1	540	1243	1535	2058	2059	2060
1	679	3079	3080	1150	3013	3014
1	672	1485	1486	1489	2013	2014
1	718	2015	1130	1131	1132	1133	1134	1135
1	673	3065	1199	1200	1201	1353	1354	2314	2315
1	712	1086	1087	1088	1089	1090	1091	1986
1	717	92	1517	2462	2463	2464	513
1	694	1582	1583	1584	2218	1709	1710	1167
1	576	1174	3140	1231	630	1944	1945
1	640	2557	1490	1491	1688	1689
1	703	9	10	11	2782	2783
1	715	1905	2668	2669	2791	1032	1033	2919
1	703	493	28	787	788	789
1	682	1991	1992	1993	564	2159
1	680	265	1640	1641	3040	3041	3042	3043
1	688	2558	2559	1545	1493	1494
1	702	13	758	759	760	761	762	763	823
1	635	2140	2141	3073
1	626	1564	1565	2800	2450	2451
1	683	2450	2451	2452	1366	1574
1	595	506	1873	1874	1875	1876	3020
1	671	858	1782	1882	1883	1884
1	704	1850	1601	2777	2778	2779	2780
1	671	1193	2843	1195
1	719	1629	1630	1631	1634	1635	1636	1637
1	619	2147	2148	783	784	1367	1368	3125	3126
1	714	3127	3128	298	565	566
1	718	1877	1878	1879	1433	308
1	632	173	1660	1661	1662	1663	1664
1	632	1313	181	289	290	1210	1211
1	538	340	1035	1036	343	1038	1039	346
1	631	1212	1213	1214	2415	2416	939	940	941
1	632	2688	1767	611	612	613	614
1	682	297	3129	3017	254
1	641	1598	1546	469	1690	1341	2302
1	635	2622	1203	1973
1	641	2629	186	187	2206
1	715	2629	1208	2577	2578	3009	3010
1	593	3129	950	951	952	2464	3135
1	647	1996	1997	2091	2092	955	514	515
1	630	301	302	303	304	305	857	628
1	688	516	517	573	576	577	578	1943
1	586	1028	1029	19
1	586	456	457	458	459
1	579	2899	2900	1054	1055	1056
1	561	378	1300	1301	327
1	696	1558	1559	546	2252	2253	2254
1	705	2255	2256	295
1	561	245	1320	1321	1223
1	700	2088	2808	2949	2950	1472
1	718	2271	2272	1045	1046	1107	1108
1	485	2701	2702	2703	2704	2705
1	561	2892	2825	2826	3106
1	685	313	639	316	319
1	623	1448	1655	1656
1	719	1657	1658	1659	323	324	325	326	381	382	383
1	664	1897	1898	1899	1900	1139	1140
1	715	384	385	2852	1075
1	664	1557	720	547	548
1	536	2854	2855	881	934	935
1	717	2860	2861	1221	1222
1	493	2537	682	683	684
1	668	2537	682	2760	2761
1	679	1107	1108	1587	2472	2473	2474	2475
1	684	685	686	2541	2763	107	108
1	719	1051	2224	2823	112
1	717	109	110	2823	112
1	514	688	689	690	3105
1	709	111	1478	2431	2432
1	647	1290	374	2395	2396
1	647	1293	1294	533	534
1	558	602	2858	2859	606
1	689	607	608	2689	2690	1769	1770
1	537	2084	1770	1467	1772
1	516	1181	2547	2548	747
1	620	1650	1651	1652	2502	2399
1	703	221	222	223	2570	2571
1	654	3098	3099	3100	3101	3102	3103
1	620	2401	2402	2403	283	2851
1	632	712	713	1196	2848	2849
1	521	2968	2054	2055	3192	46
1	537	2933	2934	2935	2936	2937	2938	2939
1	628	1069	1302	1303	1304	1305	2510
1	703	755	756	174	2305
1	703	594	232	1314	1975
1	700	1273	1274	835	836	837	556	557
1	719	1867	1868	1869	1041
1	712	802	1949	901	902	1479
1	659	1553	2918	334	335
1	637	2947	507	2425	1707	255
1	717	368	2702	162	163	164
1	662	1550	1497	1662	1663	1664	1665	1666
1	629	632	2971	2888	2889
1	490	1894	120
1	490	1299	2190
1	490	2759	2760
1	649	1117	1118	1119	638
1	675	2530	2531	2532	2533	1828	892	1100	1101	676	677	678
1	669	311	312	698	699	700	701
1	600	645	646	2189	1897
1	651	1607	1608	1609	1141	2993
1	572	240	2636	2751	294
1	668	2958	2959	2960	2961	2962	2963	2964	2965	2966
1	548	2967	2968	2969	2970	633	1114
1	506	532	874
1	618	586	587	1295
1	497	2396	1847
1	617	1816	3121
1	556	2106	2979	2980	2981
1	695	545	288	182	600
1	630	2085	1224	2267	2268	2809
1	679	180	1762
1	679	1766	356
1	521	1958	1959	2912	2913
1	649	648	2911	2914	2915	2729	2730
1	626	1960	1961	2441	2442
1	521	781	3123	2035	2036
1	559	2034	2035	2036	1370	1371	1372
1	536	1444	1445	1487	1488
1	607	862	863	864	1238	3039	1642	1643
1	482	1687	1492	2907	2908	2909
1	446	2424	2215	616	2217	2218
1	433	1702	2461	451
1	702	3177	3178	3085	3180
1	702	2389	2390	2391	1011
1	644	1704	2161	2162	3133	953	954	852	853	854
1	694	1235	1236	864	865	1239	1240	1241	1242
1	714	1915	2684	2685	2686	2687	942	943	944	945
1	697	1796	468	469	2720	2721	2722	2723	2724	2725	2726
1	696	2118	2119	2120	2121	1965	1904	1905
1	656	1094	1095	31	1577	1578	1579	1580	1581
1	705	3134	3135	2426	2427	516	517
1	700	518	3031	2098	2099	2100	2101	2102
1	664	978	979	3063	3064	3065	3066	3067	476
1	664	1508	1509	2144	2145	2146	350	351
1	664	88	89	90	401	2945	403	508	848
1	664	3140	1231	965	966	967	1639	1640
1	661	2281	2282	2283	3035	3036	2103	2104	1888	1889	1890
1	647	1889	867	868	2287	2288
1	689	1565	2142	2143	1510	2679	1364	1365
1	689	962	963	964	1232	2280	3189	3190
1	689	1128	1129	1188	1189	2841	2842
1	719	618	619	620	2331	2332	2333	2334	2335
1	715	1630	1631	1632	521	965	1637	1638
1	632	2229	2902	2903	1060
1	523	1333	1334	1335	1336	1337	8	1342
1	496	1507	1040	2802	2803
1	647	262	263	1724	1725	1726	1727	1728
1	690	1501	1502	1503	1504	1351	477	478
1	598	1920	1921	946	1703	3014	3015	3016	2160	2161
1	603	1057	1058	1059	1060	2017
1	693	1901	1902	1903	2917	1554	226	227
1	634	2862	2689	727	33
1	689	744	745	746	747
1	695	1220	246	887	888	889
1	719	1585	796	897	2273
1	694	463	464	465	1793	1794	1795	467	1797	1798	2562
1	682	2904	1059	1060	1061	1062	1063	1548	1549
1	661	1586	2430	105	106	2764	2765
1	576	147	148	149	150	151	152	153
1	607	1275	3075	2684	352	2212	354
1	427	1789	1790	1791	1792	466	2715	2716	2353
1	687	2349	2350	2184	2185	1546	469	2720	2721	2722
1	718	2838	2719	470	2116	2117	2565	2566
1	687	2926	2927	2928	2929	2801	2802	1276	1916	1917
1	691	855	856	857	571	1632	3033	3185
1	672	771	772	773	2198	2199	2200	2201
1	661	1233	1234	1235	1236	1237	3038	866
1	690	1403	1404	1405	1309	2133
1	709	1167	1168	1169	1170	1171	1172	1173	260
1	713	572	573	519	520	3033	3034	3186	3187	3188	263	264
1	708	1336	1337	1338	1339	2069	2070	2071	2072	2727	2728
1	619	3068	3069	1972
1	689	1348	1197	1198	1907	822	2793	2794
1	671	516	517	518	519	1941	1942	630
1	649	430	431	432	433	434	2066	2839	1690	1691
1	702	815	1026	1027	1028	1752	1030	1031	765
1	711	1909	2670	2671	444	445	2626	2627	828	1413
1	663	83	84	2205	188	189	2682	24	25	396
1	640	947	948	949	3130	3131	2162	2163	2164	2165	2166	1930
1	669	183	184	185	186	1863	292	2415	2416
1	573	322	174	2506	129
1	710	2813	2814	363	364	1109	2762	2542	2543
1	521	2513	1970	1971	662	663
1	480	2790	2310	2311	2312	479	480
1	684	1805	1552	1663	1664	1665	1666
1	684	2958	2959	411	412	2339
1	599	2664	2665	2666	820	821	1908	18	1910
1	599	1911	1912	2676	2677	2678	1511	190	191
1	595	2447	2448	2449	2145	349	838
1	661	2667	1906	1199	1200	1201	1202	1408	1409	1410
1	574	1358	1359	1360	1512	1914	1915	3076	3077
1	687	1921	1922	1923	1924	1995	1996	2090	1162	1163
1	595	2718	1338	1339	1340	438	439	440
1	700	979	2618	2308	2309	1753	1754
1	593	2065	435	436	437	2301	2302
1	656	3029	259	1633	261	262	1723	1724
1	620	138	238	239	240	241	604
1	698	664	238	239	240	241	2749
1	698	2419	559	560	561	562	563	1994	506
1	669	674	675	1102	1103	1104	2956	2957
1	687	1400	1401	2617	2618	2308	2669	2791	2792	1352	1353	1354
1	593	629	579	3188	1723	1946	1947
1	707	1388	2714	2715	2662	2299	2300	438
1	603	499	500	297	2214	404
1	685	2219	1325	1326	1327	256	102
1	656	796	797	798	799	103	104
1	667	1984	1985	1986	353	2456	2457	194	195
1	635	2617	2618	2619	2620	16	17	766	767	768	769	770
1	606	499	2423	613	614	615	2947	2948
1	599	1183	1184	1185	1186	1187	1392	2067	2068	2663
1	663	1160	1161	1998	1929	1930	1931	852	956	3022	3023	3024
1	688	2297	2716	6	7	1691	1692	2725
1	661	973	1856	1857	1695
1	650	1189	1689	1853	1854	1855	1856	1136	1137
1	691	3015	3131	3132	2163	2164	2165	2166	2167	302	303

MyIndex	Index	StartTime	EndTime	StartStation	Endstation
5	2607	131	227	1014	2993
9	1182	167	273	1014	1823
12	2176	182	311	2759	699
13	373	187	296	4718	877
23	1953	263	365	3113	3631
24	1443	265	327	3480	6710
26	198	272	352	1419	669
28	2770	275	276	3638	2221
35	873	298	405	3911	1453
36	3107	299	307	6116	5379
41	2654	314	387	3480	669
42	2343	316	417	1453	4377
43	3108	316	360	5379	5398
45	2290	324	422	4475	3125
47	749	327	448	7181	1075
49	375	337	486	1453	4377
50	970	339	416	1756	1175
53	1537	348	421	3243	3631
55	1596	350	396	669	3152
57	1023	351	420	1938	1175
59	2771	354	442	2221	14
61	1252	358	428	508	3631
64	1644	373	521	4630	7191
67	119	384	440	4630	4377
72	3144	389	451	1938	1175
79	3109	407	437	5398	6116
80	2344	417	422	4377	5078
90	750	448	455	1075	1453
97	1893	458	493	997	1075
99	1540	466	512	5789	4185
104	2063	478	668	3125	2759
113	1788	504	562	4621	6900
117	2177	531	571	699	5287
125	752	553	639	4196	4513
130	2178	571	589	5287	3152
139	2345	600	615	5078	3012
140	1683	606	637	1197	3243
141	2346	615	725	3012	2221
145	1331	646	722	3480	1419
155	1122	688	809	2759	699
168	2230	760	902	4513	4238
177	2064	781	825	2759	1419
178	1684	783	850	3243	6888
180	1955	792	849	508	3631
198	1648	850	873	4377	4446
199	1685	850	888	6888	3631
200	2608	852	954	2993	7331
210	1956	896	927	3631	2925
230	2347	950	1038	2221	7331
246	971	988	1061	1175	1756
249	1024	992	1056	1175	1938
256	1258	1012	1086	3631	3243
262	1686	1030	1054	3631	6888
263	274	1032	1085	4446	4238
272	2610	1045	1142	3125	4475
275	4	1058	1085	5498	4651
278	2833	1058	1110	6849	2759
287	3145	1077	1151	1175	1756
293	1957	1112	1141	2925	3631
298	2296	1116	1176	4621	5100
303	641	1128	1203	7191	7181
306	2834	1128	1322	2759	3125
307	1895	1132	1193	4377	4630
318	3146	1151	1206	1756	2993
329	376	1175	1233	4377	6804
332	168	1178	1230	6849	2759
353	2772	1231	1266	14	2221
361	1848	1252	1370	3139	3113
362	3055	1252	1313	4377	4630
382	122	1295	1353	4377	6804
396	169	1336	1470	2759	699
412	707	1363	1378	3113	4196
413	2773	1366	1509	2221	6296
432	3058	1406	1504	4718	2221
443	5	1439	1477	4651	1014
457	1547	1483	1535	1419	2759
460	2503	1497	1612	4446	4513
476	647	1540	1677	1453	3631
478	2188	1550	1684	3631	1453
540	1296	1738	1845	3911	1453
541	3112	1739	1747	6116	5379
551	3113	1756	1800	5379	5398
552	2354	1760	1788	4651	5498
555	1259	1764	1856	3243	3631
556	2611	1764	1862	4475	3125
558	1449	1767	1888	7181	1075
560	123	1777	1781	6804	6949
561	972	1779	1856	1756	1175
570	124	1791	1854	6949	4377
583	277	1813	1961	4630	7191
589	1896	1824	1880	4630	4377
590	377	1825	1882	6804	4513
592	1025	1829	1891	1938	1175
601	3114	1847	1877	5398	6116
608	1260	1859	1888	3631	4185
610	1693	1862	1898	1014	6900
615	3115	1877	1939	6116	3139
623	1298	1898	1933	997	1075
626	1450	1905	1942	1075	997
630	3153	1915	2099	1014	2744
633	2612	1918	2108	3125	2759
652	2563	1971	2011	699	5287
668	2564	2011	2080	5287	2997
696	3154	2099	2206	2744	4621
697	1858	2101	2106	7331	3125
704	2076	2136	2333	830	1453
746	1498	2239	2357	5915	5773
789	1499	2357	2411	5773	7073
790	176	2359	2620	4513	6116
812	2400	2400	2412	3349	960
838	2443	2470	2494	3631	6888
844	1261	2477	2515	4185	3631
851	1859	2485	2582	3125	4475
854	443	2492	2556	1175	1938
859	593	2498	2550	6849	2759
862	2359	2498	2525	5498	4651
865	2077	2503	2621	1453	3911
874	1696	2517	2591	1175	1756
885	1500	2556	2567	7073	7331
887	282	2568	2643	7191	7181
889	2306	2568	2762	2759	3125
892	655	2569	2690	3243	830
918	1610	2615	2673	4377	6804
920	1749	2616	2655	4621	14
936	1750	2671	2706	14	2221
939	2444	2677	2749	6888	3243
947	2026	2692	2810	3139	3113
975	2307	2762	2774	3125	1184
982	544	2780	2832	3251	4196
993	2568	2806	2949	2221	6296
1011	1667	2845	2954	5915	2759
1012	1143	2846	2944	4718	2221
1052	2193	2980	3117	1453	3631
1118	2078	3178	3285	3911	1453
1119	177	3179	3187	6116	5379
1128	178	3196	3240	5379	5398
1131	2360	3200	3228	4651	5498
1133	1860	3204	3302	4475	3125
1134	2445	3204	3296	3243	3631
1136	2407	3207	3328	7181	1075
1138	1611	3217	3221	6804	6949
1140	1697	3219	3296	1756	1175
1142	3070	3221	3261	5789	4185
1151	1612	3231	3294	6949	4377
1154	1144	3234	3322	2221	14
1162	20	3254	3280	6142	1722
1165	131	3264	3320	4630	4377
1168	878	3265	3325	6804	4377
1169	2361	3269	3325	5498	3125
1170	2672	3269	3331	1938	1175
1182	179	3287	3317	5398	6116
1189	2446	3299	3328	3631	4185
1200	1145	3322	3368	14	2993
1201	2572	3331	3419	6296	7191
1206	2362	3335	3360	3125	4621
1208	2250	3338	3373	997	1075
1210	388	3344	3553	1453	3243
1212	2408	3345	3382	1075	997
1216	21	3356	3379	1722	6142
1217	1861	3358	3548	3125	2759
1267	1266	3504	3548	3631	6617
1287	774	3576	3585	830	3631
1314	1267	3642	3687	6617	5624
1330	1414	3681	3686	7331	3125
1332	1268	3687	3696	5624	5789
1353	1146	3732	3834	2993	7331
1359	389	3752	3764	3243	1480
1378	390	3806	3818	1480	3243
1426	2322	3910	3934	3631	6888
1440	1415	3925	4022	3125	4475
1443	1148	3932	3996	1175	1938
1449	725	3938	3990	6849	2759
1451	666	3943	4061	1453	3911
1471	1616	4008	4083	7191	7181
1472	1976	4008	4202	2759	3125
1498	1317	4055	4113	4377	6804
1525	2323	4117	4176	6888	3243
1533	3122	4132	4250	3139	3113
1536	933	4135	4200	3638	4630
1550	142	4175	4233	4377	6804
1560	1977	4202	4214	3125	1184
1581	2635	4246	4389	2221	6296
1603	2579	4286	4384	4718	2221
1650	554	4420	4557	1453	3631
1701	192	4593	4639	1823	2744
1710	667	4618	4725	3911	1453
1711	1763	4619	4627	6116	5379
1718	1764	4636	4680	5379	5398
1720	448	4640	4668	4651	5498
1723	1416	4644	4742	4475	3125
1727	1617	4647	4651	7181	4446
1729	1318	4657	4661	6804	6949
1731	1699	4659	4736	1756	1175
1740	1319	4671	4734	6949	4377
1744	2580	4674	4762	2221	14
1752	882	4693	4841	4630	7191
1753	1514	4694	4720	6142	1722
1757	2524	4704	4760	4630	4377
1758	143	4705	4765	6804	4377
1767	3124	4723	4788	3631	508
1769	1765	4727	4757	5398	6116
1775	2325	4739	4768	3631	4185
1778	1918	4742	4778	1014	6900
1800	1515	4796	4819	1722	6142
1821	1675	4851	4891	699	5287
1852	296	4952	5045	4513	3152
1856	3011	4966	5026	1419	2759
1868	558	5008	5129	2759	699
1916	2459	5148	5229	1014	2221
1920	193	5154	5291	2744	7331
1923	355	5161	5223	6710	4513
1968	2155	5258	5408	3243	4185
1995	1700	5308	5381	1175	1756
2011	1374	5350	5374	3631	6888
2024	449	5378	5405	5498	4651
2029	1701	5381	5436	1756	2993
2037	1286	5397	5471	1175	1756
2041	671	5408	5660	3139	4513
2051	3012	5448	5642	2759	3125
2076	1322	5495	5553	4377	6804
2080	1870	5498	5550	6849	2759
2097	2534	5540	5598	960	4377
2102	2581	5551	5586	14	2221
2104	1375	5557	5616	6888	3243
2110	2755	5572	5690	3139	3113
2133	2535	5615	5673	4377	6804
2139	2460	5625	5720	2221	7331
2149	1871	5656	5790	2759	699
2165	2582	5686	5829	2221	6296
2179	617	5722	5923	5915	5789
2192	450	5759	5797	4651	1014
2193	1225	5759	5917	6849	1014
2222	1773	5860	5997	1453	3631
2238	1226	5927	6033	1014	1823
2254	452	5987	5988	2993	1938
2287	2756	6058	6165	3911	1453
2288	357	6059	6067	6116	5379
2297	358	6076	6120	5379	5398
2298	95	6080	6108	4651	5498
2301	1376	6084	6176	3243	3631
2302	1676	6084	6182	4475	3125
2305	155	6087	6208	7181	1075
2307	1323	6097	6101	6804	6949
2309	1287	6099	6176	1756	1175
2310	1324	6101	6155	6949	4513
2319	453	6111	6180	1938	1175
2331	2042	6133	6281	4630	7191
2337	2693	6144	6200	4630	4377
2338	2536	6145	6205	6804	4377
2340	196	6149	6211	1938	1175
2349	359	6167	6197	5398	6116
2366	2694	6200	6208	4377	6235
2369	681	6211	6299	6296	7191
2377	2758	6218	6253	997	1075
2379	156	6225	6262	1075	997
2385	97	6238	6428	3125	2759
2389	2695	6242	6308	6235	2354
2467	98	6448	6569	2759	699
2606	454	6752	6816	1175	1938
2618	1435	6790	6814	3631	6888
2636	1288	6812	6876	1175	1938
2638	455	6816	6925	1938	6142
2641	1682	6818	6845	5498	4651
2644	2005	6823	6941	1453	3911
2656	197	6868	6941	1175	1756
2659	1227	6874	6966	1823	1184
2665	2222	6888	6963	7191	7181
2666	2276	6888	7082	2759	3125
2669	1781	6889	7010	3243	830
2718	1436	6997	7056	6888	3243
2721	1228	7007	7020	1184	7331
2733	2886	7031	7100	960	3251
2743	1110	7055	7113	4377	6804
2761	2887	7100	7152	3251	4196
2789	417	7166	7264	4718	2221
2825	631	7290	7292	1419	6849
2832	2544	7300	7437	1453	3631
2834	2821	7310	7444	3631	1453
2872	1591	7458	7599	4718	2354
2877	2589	7480	7525	960	4377
2892	2223	7527	7648	7181	1075
2907	1111	7585	7645	6804	4377
2909	266	7590	7759	669	830
2936	422	7678	7868	3125	2759
2951	372	7731	7850	5789	3243
2965	1437	7793	7869	3243	3631
2973	2341	7832	7925	4513	3152
2980	2972	7857	7904	4196	1453
2988	1950	7888	8009	2759	699
2995	3104	7923	8011	6296	7191
3000	3193	7940	7955	3113	4196
3012	2766	8025	8111	6849	4513
3017	47	8063	8153	877	4446
3022	2706	8097	8162	4513	5915
3034	2481	8154	8165	4621	1070
3038	2707	8189	8196	5915	699
3040	969	8208	8300	669	1419
3043	693	8219	8368	4718	3251
3046	48	8232	8285	4446	4238
3049	1593	8242	8244	4238	4718
3051	2649	8259	8324	877	3113
3054	49	8285	8305	4238	6263
3055	1533	8286	8307	4621	1014
3058	423	8328	8522	2759	3125
3060	527	8337	8384	4196	1453
3061	2650	8343	8507	3113	830
3064	1844	8348	8530	1453	3139
3068	694	8368	8420	3251	4196
3072	1178	8418	8529	5789	3113
3079	2482	8474	8500	1070	4010
3080	634	8495	8553	4377	6804
3081	2289	8529	8608	3480	1419
3082	872	8536	8681	669	830
3083	1179	8537	8590	3113	877
3085	2890	8544	8581	6849	3959
3089	529	8593	8685	877	4446
3090	2708	8595	8714	699	2759
3092	2891	8597	8657	3959	4513
3093	1438	8600	8698	3631	3113
3095	1536	8619	8678	3480	6710
3096	1246	8673	8818	669	830
3097	2973	8740	8877	1453	3631
3098	2545	8750	8884	3631	1453
3100	1247	8818	8820	830	5789
3102	1439	8903	9005	3113	3631
3105	2483	8979	9049	4010	6563
3108	635	9025	9085	6804	4377
3109	50	9046	9070	6263	4377
3110	2484	9049	9096	6563	4888
3114	424	9118	9308	3125	2759
3117	1951	9147	9287	699	2759
3129	425	9328	9449	2759	699
3140	1120	9490	9513	4377	4446
3144	1784	9561	9607	4185	830
3148	1248	9596	9843	5789	3480
3150	1785	9607	9609	830	5789
3152	2974	9652	9726	3631	3243
3155	2827	9668	9673	4377	4718
3156	2549	9673	9759	4196	4513
3160	2061	9682	9819	1014	2993
3164	1952	9768	9962	2759	3125
3165	2603	9771	9771	1453	877
3167	2604	9772	9937	877	4238
3168	3199	9772	9833	4377	4630
3170	1594	9813	9837	4718	3012
3171	2485	9816	9904	4888	2997
3173	904	9843	9860	4513	927
3174	1121	9856	9886	4446	960
3175	1249	9860	9906	3480	2997
3176	1786	9878	10025	5789	669
3177	3047	9887	10036	5789	669
3178	2895	9892	9953	4377	4630
3179	1250	9915	9965	2997	3480
3180	530	9917	10017	4446	4513
3181	2486	9929	10012	2997	7331
3182	51	9935	9993	4377	6804
3183	2605	9937	9939	4238	4718
3184	1251	9975	10059	3480	699
3186	748	9990	10059	1453	960
3187	2828	10011	10080	4718	4513
3188	2487	10012	10014	7331	1014
3189	2488	10014	10058	1014	6900
3190	531	10022	10080	4513	1419
3192	426	10035	10080	699	2759
3193	1787	10035	10058	669	6710
3195	1440	10040	10080	3631	3113
3196	3048	10043	10080	669	1419
3197	2606	10046	10080	4718	2221
3198	2342	10062	10080	3152	1419
