Costs	Duraton	Task_1	Task_2	Task_3	Task_4	Task_5	Task_6	Task_7	Task_8	Task_9	Task_10
1	444	1160	1161	1162	2122	2123	133	134
1	381	2012	2013	2014	2015	2016
1	406	1257	1258	1259	2188
1	452	79	80	81	82
1	438	1421	1422	1981	1982
1	372	825	826	827	828
1	389	467	468	469	470	471	472
1	466	473	2696	2697	2698
1	444	1067	1068	1069	1070	1071	787	788
1	467	65	66	67	68	69	70	71	72
1	430	2609	2610	2611	1464
1	430	2031	2205	2206	43	44
1	454	1509	1510	1797	1798	1799	1800
1	403	71	72	73	74	75	1087	1088
1	479	71	982	983	984	985
1	362	2196	2197	1906	1907	1908
1	476	2358	2099	2100	2622
1	450	51	52	53	54	1992	1784
1	439	1415	445	446
1	463	447	1902
1	470	1922	2050	2051	841	842	1686
1	470	1954	2571	2572	358
1	462	1949	1950	1951	1952	860	1531
1	462	2146	2147	2255	47
1	419	980	981	982	2612	903	904
1	440	1800	1801	1802	1803
1	458	545	546	547	548
1	458	2615	2616	2617	2618
1	400	305	306	2126	2127
1	373	144	695	696	697
1	434	1483	1484	1485	1486	1716
1	424	1915	2314	2315	757	1276
1	450	2322	2323	2378	2379
1	385	181	182	183	2552	2553	2554
1	434	2555	2556	353	1453	1454	1455	1456	2062
1	465	1217	1218
1	458	676	744	969
1	374	1652	1653	1654
1	463	2071	141	142
1	463	145	146	519
1	472	1123	1885	1886	1887	1888	1889	1890	1007
1	472	955	2680	1541
1	419	657	1245	1246
1	443	1009	121	2493	2494	2495
1	380	1012	126	127
1	478	1406	1407	1408	1409
1	409	2499	137	977
1	455	683	684	139	140	141
1	419	2073	1261	1262
1	467	514	515	516	517	518
1	395	2139	1046	1047
1	466	1506	1507	1508	2224	2225
1	476	2719	2720	2721	1100	1101	1102
1	453	596	1884	1885	1886
1	437	1294	1883	1884	1885	1886
1	428	510	685	686	687	688
1	425	1133	1134	1135	1136	747	748
1	395	597	1124	500	598
1	409	1125	503	504	505
1	509	484	243	244	245	246
1	587	1732	2387	2168	2169	1511	1512	2115
1	544	2116	2117	2118	2119	2120	2121
1	489	2119	2120	2121	566	567	1164
1	558	981	982	2612	2613	985	986	1809
1	572	76	30	31	32	33
1	524	34	35	36	37	38	39	40	41	42
1	599	1343	1726	1727	1728	1729	1730	11	12
1	589	13	896	897	898
1	574	493	494	811	812	2303
1	589	2304	150	151	1094
1	573	426	2159	1440	53	54	1827
1	485	1720	1721	342	343	344
1	590	339	340	341	1722	1241	382
1	573	1182	1183	1184	2003	2004	2005	485
1	544	486	487	488	796	797
1	561	14	2229	249	17
1	505	1896	1897	2124	2336	2337
1	586	2125	2126	2127	307	2459
1	573	2189	2190	2191	30	78
1	579	2133	906	907	908
1	564	2467	1422	1423	1424
1	566	2208	2209	1052	2525	635
1	554	1995	2216	2217	345	346
1	485	2699	2700	2701	2702	2703	2704	550	551	552
1	595	253	64
1	507	2335	2606	2607	2338	2339	1166
1	573	1976	2185	2186	2187	2188	902
1	554	455	456	457	2032	2033	2355	2522	2523
1	514	2472	2473	2474	2475
1	493	2101	2102	2103	1427
1	524	622	2202	2203
1	507	2002	2003	554	1795	1796
1	598	1511	1512	1513	1514	1515	560	561
1	598	2462	2463	2464	2240	2241	2242	2243
1	598	1906	1907	910
1	558	581	909	2204
1	535	1785	1786	1787	1788	1789	1068
1	535	2197	2198	2199	2200	2201	623
1	480	1080	63
1	592	1969	1970	1971	1412	1413	1414
1	552	800	801	802	803	804
1	583	2711	27
1	499	1814	1815	1816	2033	2355	1771
1	545	2355	2356	1097	1098	1099
1	506	1777	593
1	481	1779	1587
1	506	1588	1589
1	569	61	1080
1	506	491	26
1	561	1171	1814
1	590	638	639	1681	1682
1	530	917	918	876	877	878	920
1	500	848	849	927	928	1693	851
1	540	1691	1692	238	239	240	1734
1	590	1448	1938	1735	1736
1	586	852	1940	1941	1942
1	500	1939	1940	1941	1451
1	590	1699	1746	1948	2565	2566	2567
1	526	1705	1706	2572	358
1	590	47	48	49	2257
1	582	1680	2047	2048	1681	916	640
1	582	879	880	845	846	881	848
1	522	847	848	926	850
1	582	1449	1450	1940	1941	350	1739
1	492	853	1739	1740	2557	2558	2559
1	582	1744	1745	1746	1948	2565	1747
1	492	2569	2570	2571	2572	1614	1707
1	522	701	1615	2573	2574	2575	2576
1	582	2577	363	2255	2256
1	534	1791	1792	1793	1184
1	521	2225	2598	127	128	129
1	535	217	218	219	2525	2526	2722	2723	2724
1	519	2383	659	660	2331	2332
1	593	2345	1754	1755	1756	403	404	405
1	549	408	409	2142	2312	2413	2414	2415
1	593	89	1623	1624	1625	1537	1538	1865	1866
1	524	2167	301	302	303	304	734
1	507	2282	1013	1014	1015
1	523	735	736	737	738	739	740	741	1020	1021
1	568	2603	1521	1522	607	2457	2458
1	500	1553	1554	227	2424	2425
1	485	1260	143	2128	2129	2301
1	487	1872	1179	1180	2376
1	598	2281	2282	2286
1	568	184	185	1192	1193	1194
1	591	2509	2299	2300	2301	2081	2082	2083	2084	1038
1	576	1661	1662	2087	2088	2089
1	596	1300	1301	1302	1303	1304	2287	671	672	673
1	598	1660	1754	1755	1756	1757	1758	1759	1760	1761
1	565	211	212	1860	1861	1862	1863	1864
1	598	168	1930	1931	1932	1933
1	586	1934	1935	1936	1691	928	929	930
1	571	1625	276	277
1	498	1565	1566	1567	1568	1569	1570	1571	1572	1573
1	537	963	964	965	675	2444	2445	2446	2447
1	580	2063	2064	2065	2066	394	395	974	189	190	191
1	523	1608	1609	325	266	267	268	269	1762	1763
1	535	206	207	208	209	210	1916	1917
1	584	895	1516	1517	1518
1	538	2634	2635	2636	2637	2430
1	539	2425	2426	2427	2428	652	653	654
1	591	1557	1558	170	171	172	2432	2433	2434
1	524	1503	1504	1006	1007	1008	1247
1	495	658	1347	120
1	553	1049	1672	1277	1865	1540
1	507	761	762	1677	1678
1	526	2484	2422	2423	2633	1233
1	528	2429	2638	2639	2640	2641	2642	2643	1121	1122
1	554	1307	1308	1309	603
1	531	2506	2507	2508	616	617
1	531	1912	1913	1914	212	213
1	559	1542	1820	1679
1	527	1870	1871	1232	1233	1234
1	575	1388	1236	1237	1238	655	656
1	512	1893	743	604
1	588	605	606	975	976	977
1	575	187	188	2070	2071	2072
1	523	2073	2074	2075	2076	2077	2078
1	535	1314	199	2135
1	575	264	265	1666	1667	1668
1	521	1266	1267	2669	2670	2136	2137	2138
1	555	201	2091	1912
1	523	1669	1670	1671	584	585	586
1	491	1004	1296	1505
1	537	1186	1187	1188	1189	1190
1	537	2500	2501	2502	2503	2504
1	537	620	621	622	1909	1910
1	517	1126	1127	1128	1644	1645	1646	1647
1	521	1129	1130	1596	1597
1	573	1634	1635	1636	1637	1638	1639
1	573	256	257	258	259	260	261
1	474	540	541	542	1825	1826
1	438	336	337	338	1718	1719
1	462	298	299	300	301	302
1	454	829	830	831	832
1	445	2154	2155	2156	465	466
1	380	2027	2028	2029	2030
1	465	290	291	292	293	1066	1067
1	415	492	2190	1903	516
1	360	1779	2212
1	440	1683	1684	1685	1686
1	437	2560	2561	2562	2563	2564
1	471	1817	1818	1819	2097	2098
1	440	1789	478	479	480
1	479	2489	2490	2491	731	732	733
1	363	2290	2291	1459	1460
1	462	1723	2218	2219	1344	1345	1346
1	440	1214	87	88	756
1	400	1156	895	1516	1517
1	429	1239	1240	1241	1242	1243	1244
1	431	1319	752	332	2676
1	427	1575	2653	2654	1196	1197	1198
1	547	536	537	776	777	778	779	780
1	575	1072	1073	1074	1075	1076	1794	555
1	589	333	334	1958	1780
1	575	1515	388	2333	798
1	560	294	295	296	297
1	560	896	897	898	899
1	527	1896	1897	133	134	1165
1	590	1975	1976	1977	901
1	560	150	151	1094	1095
1	561	2350	2027	823	824
1	560	85	526	527	528	529
1	573	429	1724	1181	1182
1	580	347	2385	2386	483	484	556
1	595	1465	2246
1	573	1422	1423	2517	2518
1	572	1056	1057	1058	1059
1	557	133	134	135	804	64	1255
1	593	1184	1185	2595	2596	2597	2226
1	600	554	2007	2227	2706	2707
1	583	1965	1966
1	587	573	574	575	1167	1168	1169
1	536	1084	1085	1086	1087	1088	1089	1090
1	598	28	29	1903	2194	2195	2244	2245
1	496	59	2593
1	497	2592	60
1	497	1083	2713
1	498	2712	1170
1	497	1813	152
1	586	921	922	923	1690
1	586	1946	1947	1527	2565	2566	1528
1	567	704	705	706	2252	2253
1	582	701	359	360	2145
1	523	2685	101	102	103	2532	1550
1	563	1241	1242	1243	2165	2166
1	538	740	741	742	1194	1195	2655	2656
1	546	2459	2185	2341	2342	2343
1	524	662	663	664	665	666
1	536	2452	2453	396	397	398
1	584	1061	1062	1063	107
1	509	993	716	375	376
1	582	2183	2184	1848	1978
1	500	835	836	2107
1	563	1113	1114	1115	2629	2630	2631
1	509	1555	1556	1880
1	506	1387	1235	1341
1	578	1377	158	159	160	161	162
1	491	1911	1768	1769
1	521	501	502	503	504
1	521	749	750	1317	1318
1	600	2093	2094	2095	214
1	573	1268	1269	1270	1271	1272
1	592	302	2390	2391	1157	1158
1	589	498	2641	2642	499	597	1124
1	445	2154	464	465	466
1	450	2519	2520	2521	2522	2523
1	383	2373	2374	166	1878	113
1	435	2530	2531	104	105	106
1	565	76	2192	2193	1904	1905	815	816
1	598	562	563	564	565	2122	19
1	498	1966	1967	1968	1082
1	492	1582	2258	1584	1585
1	586	2129	2130	2131	2512	81
1	541	405	406	407	408
1	557	1766	755	272	273	952
1	534	409	410	411	412	413	1369	1370	1371
1	583	2407	2408	2409	2410	2411	2412	2413
1	580	93	94	1918	1919	1920	1676
1	574	1564	2279	2280	2492	122	123	1572
1	559	1605	2510	322	323	324	943	944
1	550	2431	173	174	381	1242	1243	1244
1	494	2283	2284	2550
1	538	2484	2485	2486	1989	1386
1	544	1297	1298	2547	1404	1405
1	491	1191	677	1410
1	483	997	998	287	1991
1	573	426	427	1826	1827
1	530	1687	1688	1689	881
1	521	136	137	138	978	979
1	593	165	2375	2376	2377	231	2325
1	598	1228	1229	1230	1231	1232	229	1489	1490
1	596	2719	2720	2721	2037	2038	156
1	599	2060	2061	1457	1458	1029	1030	2294
1	568	1486	1487	1488	230	1490	1491	169	2324	232
1	562	1305	1306	2442	2443	2444
1	539	963	964	674	2651	2652	2653
1	557	2632	228	649
1	461	1010	1011	2285
1	594	1461	2344	144	695
1	504	118	119	1348	893	894
1	462	1738	351	352	1741	1742	1743
1	492	1738	351	352	1943	1944	1945
1	554	1024	1025	1026	1027	1028	1029	1030	2456
1	466	1990	288	289	290	291
1	588	2388	2389	1250	559
1	583	62	1081
1	553	2691	1330	1331	1332	1333	1334	2267	2268	2269
1	574	2498	969	1650	1651	1652
1	524	2017	2018	2019	2020	2021	2022	2023	77
1	436	872	873	874	916
1	591	1724	1725	2220	2221
10	539	2	3	4	5
10	663	246	247	248	2230	2231	2232	2233
10	525	821	822	2028	2029	2619
10	350	784	785	786
10	718	335	336	377	378
10	713	897	2708	2709
10	682	713	714	715	424
10	563	2222	2223	2170	2171	2172	2173
10	662	18	19	20	21	22	23	24	25
10	674	2608	1416	1417	1418
10	678	2240	2241	2465	2466	813	814	815	816	817	818	819	820
10	626	1096	1097	2524	530	531	532
10	709	1053	1054	1055
10	638	282	283	284
10	616	421	2686	2687	2688	2689	2690
10	471	1823	1824	543
10	720	1825	1826	55	56	57	58
10	649	789	435	436
10	590	443	444
10	511	2468	2469	2470
10	689	2247	2248	2249	2250	2251	2252
10	641	2476	1431	1432	1433
10	440	1434	1435	1436	1437	1438
10	633	2112	553	1593
10	716	988	989	1172
10	617	990	991	634
10	653	1816	2033	2034	2035	2036
10	532	590	1103	1104	1105	1106	1107
10	656	448	750	751
10	605	2716	2717	2718
10	572	153	154	155	2724	2725	2726
10	705	2705	2228	2009
10	688	544	2110	1998	1999	2000	2001
10	635	848	2539	2540	2541	2542	2543	932	933
10	704	2578	2579	2580	2581
10	706	1694	1695	1696	2058	2059
10	650	2007	1077	1078	1079
10	698	905	2134	328	753	754
10	712	2589	2590	2591	1962
10	692	2105	2477	2420
10	655	1804	1805	1806
10	708	2108	2109	2158	1383	1384
10	665	2174	441	442	2234
10	672	2727	2728	2729	2730	2731
10	672	2729	2730	2045	2046
10	655	157	158	1113	1114	1115	1116
10	664	2532	2533	2534	2535	2536
10	710	114	115	116	117	118	119	2646
10	683	1203	1204	1205	1206	1207
10	702	1289	1290	1291	1292	1293
10	682	2316	1051	2416	2417
10	710	312	313	314	614	615	2511	2132
10	611	2405	2406	2407	866	867	868	869	870	871
10	539	1215	1216	496
10	702	1656	1657	1658	1659
10	689	273	274	275	709	710
10	720	1372	1373	1374	760	761	762	96	97
10	703	764	765	766	767	768	2044
10	695	94	1280	1919	278	279	834
10	662	1283	1284	1285	1286	1287	1288
10	711	1561	1562	1563
10	694	2448	2449	2292	2293	1031	1032	1033
10	373	367	368	369	370
10	701	389	390	391	392	393	2294	2295
10	516	280	281	462	463
10	540	2369	2370	2371	2372
10	659	1064	1065	2163	2164
10	572	148	149	2305	2306	2307	2308	2309
10	621	1342	1343	383
10	708	2599	2600	2601	2602	1895	900
10	639	214	215	216	2359	2360	2361	2362	2363
10	462	1543	1544	1545	1546	1547
10	665	2505	2667	2668	262	263	2079	2080	2302
10	708	992	1542	1820	1821
10	710	449	450	451	452	2351
10	586	1173	1174	1103	1104
10	331	2151	2152
10	482	836	837	838
10	655	401	402	1365
10	636	1153	1154	2538	847	882	883	884
10	589	1357	1358	1359	1360	1361	1362
10	704	1131	1132	689	690	691
10	720	2670	2671	2672	2673	2674	2675	2676
10	701	2677	2678	2679	420
10	405	1144	1145
10	529	1773	1774	1775
10	652	1640	1641	1642	599	600	601	602
10	673	692	693	514	515	516	1466	1467	1468
10	665	365	366	1626	1627	1628
10	584	1630	1631
10	703	1469	1470	1471	1472	1473	1474
10	615	428	2161	1790	1003	1004	1005
10	619	1986	1987	1988
10	651	508	1310	1311
10	675	1533	1534	1535	1536	414	415	416	417
10	717	957	958
10	717	2054	960
10	668	857	2564	1748	1749
10	675	1354	1355	1356	1576	1577
10	672	959	1396
10	698	2056	2057	670	2288	2289	1841	2392
10	487	1580	1581
1	410	702	703	361	362
1	440	2084	1665	1666	202
1	458	1767	2096	1048
1	402	2310	2311	2143	2144	706	707	708	414
1	427	1227	1228	1713	1873	1874	1875
1	599	233	1831	1832	1833	1834
1	578	885	886	887	888	889	890	1400	1401	1300	1301
1	582	1979	1980	1471	1472
1	598	911	912	913	457	2205	2206	43	1325
1	506	1663	1664	267	268	269	204	205
1	598	1389	1390	1498	1499	1500	1501	1502
1	427	2275	2276	2277	2278	932
1	523	1589	1590	1591	1592
1	600	308	309	310	311	2394	2395	2396	2397	2343
1	427	611	612	613	1750	1751	1208
1	570	796	797	2176	2177	2178	2179	2180	2604	2605
1	582	916	2049	641	876	877	919
1	470	422	423	424	425
1	595	1857	1858	1859	758	759	956
1	560	2453	2454	2455	2067	2068	2069	2070	1655
1	595	2382	2326	2327	661
10	568	591	592	593
10	673	1958	1959	1960	1961
10	274	2477	2478
10	709	578	2614
10	626	1428	1429	2210	1776
10	653	2352	2353	2354	1772
10	716	1001	1002	1791	1963
10	720	1632	1633	2640	2643	2644	2645
10	649	2041	2042	2043	769	770
10	656	2594	502	1594
10	386	2714	2715
10	680	2023	2024	2025	2026
10	488	2620	2621	2622	2623
10	490	50	286
10	471	285	286
10	695	2160	2161	2162	1240	2384
10	690	2567	1529	1530	2568	862
10	601	1582	1583	1584	1585	2259
10	703	633	2678	2679	2680	2681	2682	1281	1282
10	679	1426	2104
10	655	1439	1440	1441	1442
10	699	481	482	483	484	2006	2007	2008
10	693	2010	2011	2012	2013
10	666	2513	2514	2515	2516	1424	1425
10	712	2657	2658	2659	2660	2661	2662	399	400
10	702	2663	2664	2665	2666	2667	1137	1138
10	243	98	99	100
10	635	2418	2106	1430	2211
10	707	1410	1411	1972	1973	1974	2340
10	193	1375	1376
10	690	1964	1514	1515	1158	1159	1160
10	331	1476	1219
10	138	180	1574
10	704	1312	1313	694	1315	1316
10	681	2624	2625	2626	2627	2628	2629	2421
10	643	1139	1140	1141
10	693	1117	1118	595
10	344	2537	1155
10	571	914	915	1923
1	462	1443	1444	1445	1446	1447	1937
1	560	2566	1528	1701	1702	1703	1704
1	582	843	844	924	925
1	510	326	520	521	522	203	1765
1	569	1335	1336	167	1491	1492	1493	1494	1495	1496	1497
1	583	644	645	646	721	722	1929	2269	2270	2271	2272	2273
1	555	1009	121	2493	2548	2549
1	552	1700	1747	858	859	1953	861
1	537	91	92	1865	2682	2683	2684
1	586	1040	1041	1042	1043	1044	86	87
1	587	2398	2399	2400	2401	2402	2403	2404
1	577	1673	1278	1279	95	763
1	560	1299	124	125	2551
10	716	1162	1163	568	569	570	571	572
10	635	2207	829	1050	1051	1052	220
10	545	6	7	8	9	551	2386	1733	1734
10	689	628	629	630	631	632	2356	2357	1326
10	705	1429	2210	2419	1060
10	541	1478	1867	1586	1778
10	720	1898	1899	1900	1901
10	656	1996	1997	432	433	434
10	696	594	1119	1120
10	690	2235	2236	2237	2238	2239
10	717	1737	350	854	354	355
10	704	1479	1480	1481	2588
10	693	2165	1833	1834	1835	1836	1837	1838	1839
10	661	2090	2091	2092	2093	1320	1321	1142
10	663	2379	2380	1394	1395	2055
10	703	669	1697	1698
10	548	1108	1109	1110	1111	1112	1869
10	595	1548	1223	1224	1225	1151	1152
10	696	1175	1176	1177	1178
10	691	1849	1850	1851	1852	1853	1854	1855
10	692	1378	1379	1380	1381	1382
10	672	2582	2583	2584	2585	2157	2158
10	660	2318	2319	107
10	716	1209	1210	357	1708	1709
10	677	1034	1035	1036	1037	1038	1039
10	717	329	330	331	2093	1320	1321	1322	1323	1324	2357
10	708	1295	1504	1006	1007	1008	1009	1248	1249
10	531	2439	2440	2441	186
10	699	726	727	728	729	730	1349	1350	1351	1352	1353
10	716	839	840	1710	1711	1712
10	703	2647	2648	2649	2650	2651
10	708	506	1648	678	970	971	972	1202
10	669	1595	1598	1599	1600	1601	1602
10	718	938	939	195	196	197	198	199	200	1856
10	671	1015	1016	489	490
1	588	548	549	550	10	1731	556
1	534	2327	2328	2329	2330	2546
1	518	618	147	327
10	617	241	242	556	557	558
10	650	799	254	255
10	608	772	773	774	533	534	535	775	538
10	669	994	995	996	778	779	780	781	782	783
10	704	2113	348	349
10	596	458	459	91	92	1539	1866	2317
10	496	1091	1092	1093
10	702	987	452	453	454	455
10	604	579	580	623	624	625	626	627
10	677	2048	2049	875	2051	2052	2053
10	705	2347	2348	2349	582	583
10	595	379	380	2434	2435	2436	2437	2438
10	658	1147	1148	1149	1150	1226
10	670	1220	1221	1222	1549	1550	1551	1552
10	696	192	193	194	1605
10	720	108	109	110	111	112	1338	1559	1560	2274
10	677	1519	1520	1521	1522	1523	1524	1525	1526
10	713	2496	1642	1643	507
10	681	587	588	589	2039	2040	2527	2528	2529
10	677	1770	2522	2523	45	46	2254	364
10	696	2213	2214	2215	2216	2217	430	431	2111
10	709	2471	832	833
10	720	961	962	670	2288	966	967	968
10	431	1532	1760	947
10	696	2296	2297	316	317	318	319	320	321	2346
1	557	1766	2140	2141	2142	2312	950	951	952
1	593	931	2544	2545	1402	123	124	667	668
1	592	1894	1022	1023	2450	680
1	480	1199	1200	1201	973	608	609	610
1	479	2085	2086	945	946	1764
1	553	315	2298	1606	1607	1608
1	461	1602	1603	1604	1752	1753
10	682	1808	1809	1810	1811	1812
10	517	539	997	998	999	1000
10	670	1384	1385	1386	650	651	1881	1882
10	697	1629	371	372	373	374	375	1482	1483
10	605	1844	1845	1846	1847	2460	2461
10	627	717	718	719	720	647	648
10	672	1391	1392	1393	2381	175	176	177	178	179
10	528	461	636	637
10	653	679	2451	2065	2066	2561	2562	936	937
10	664	948	949	2313	2314	953	954	955
10	657	2497	604	1649	681	682	745
10	679	746	693	1263	1264	1265	619
10	630	2474	2364	2365	2366	2367	2368
10	719	1273	1274	1275	418	419
10	717	497	2479	2480	223	224
10	679	1396	1397	1398	1399	891	892	1403
10	714	1328	1329	2692	1714	1715	1716	1717	1718	1719
10	410	1840	1841	1842	1843
10	634	1822	2586	2587	1381
10	720	2114	791	792	793	794	795	796	1252
10	710	1254	1255	1256	575	808	809	810
10	663	384	385	386	387	1017	1018	1019
10	703	698	699	700	1955	1956	1957
10	676	271	2516	495	1475
10	692	221	222	2481	2482	2483
10	664	863	864	865	205	206	207
10	621	509	510	511	512	513
10	648	1366	1367	1368	1621	416	1673	1674	1675
10	638	1114	1115	2629	2421	225	226	227	2487	2488
10	631	1419	1420	2305	2306	1045
1	599	2261	2262	2263	2264	2265	2266	724	725
10	630	1781	1782	1783	1993	1994
10	701	83	84	1983	1984	1985
10	556	2175	2176	2177	2178	2181	2182
10	611	359	1616	1617	1618	1619	1620	1621	1622	90	460
10	676	711	2148	2256	712	2149	2150
10	710	1684	642	643	1178	2693	2694	2695	474	475	476	477
10	714	2393	2394	1462	1463	1464	1465
10	672	2710	805	806	807	576	577
10	688	790	15	16	250	251	252
10	704	1578	1760	1761	270	523	524	525
10	687	437	438	439	440	1251	797	2334	1253
10	699	2320	2321	1875	1876	1877	1339	1340
10	693	356	1211	1212	1213	1671
10	604	1891	1892	128	129	130	131	132
10	695	1807	1363	1364	940	941	942	1610	1611	1612	1613
10	716	1868	159	160	161	162	163	164
10	672	934	935	350	1452	855	856
10	692	1828	1829	1830	234	235	236	237	1446
10	615	1924	1925	1926	1927	1928	723	1337	1879

MyIndex	Index	StartTime	EndTime	StartStation	Endstation
3	1327	131	227	1014	2993
7	2260	167	273	1014	1823
51	1	354	442	2221	14
2267	1579	6812	6876	1175	1938
2550	1143	7793	7869	3243	3631
2694	771	9652	9726	3631	3243
2699	1921	9682	9819	1014	2993
2702	1477	9768	9962	2759	3125
2727	2153	10035	10080	699	2759
2729	1146	10040	10080	3631	3113
