Costs	Duraton	Task_1	Task_2	Task_3	Task_4	Task_5	Task_6	Task_7	Task_8	Task_9	Task_10
1	433	897	3042	3043	3044
1	459	1734	2800	1736	2802	2803	2804	2805
1	433	936	937	938
1	474	1497	787	2810	2811
1	474	799	2721	928	929
1	406	352	353	354	355	356
1	436	1995	3135	3136	579
1	448	1043	2733	2734	2735	2736	2737	2738
1	448	1054	329	1601	1602
1	373	1197	923	924	925
1	458	2438	1282	2069	1898
1	435	2878	2213	142	143	144
1	438	3099	3100	3101	2735	2736
1	462	2896	2897	2898	1193	1194
1	404	1193	1194	1072	1073
1	470	971	972	730	3130
1	448	1814	1815	1816	1817	1818
1	362	607	608	97	98	99
1	363	613	614	2540
1	442	1985	2367	2902	2903	2904
1	381	2122	2123	2916	2917	2918
1	381	1824	1825	1826	1827	491	492	493
1	465	1941	1942	1943	545
1	440	272	273	1052	1053	2643
1	469	3076	1025	1026	3033	3034	3035
1	434	2043	2044	976	26	2375	2376	2377	2378
1	410	1711	1712	1713	1714	818	819	820
1	471	2185	2186	2969	2563	1505
1	461	529	530	531	532	1454	1455
1	381	192	193	194	195	196	197	198
1	376	1828	1829	1830	452	453
1	382	201	202	203	204
1	460	1216	2528	2529	2881
1	463	466	467
1	463	2495	2496
1	463	2509	2510
1	463	2182	2183
1	415	2758	733	2184	1628
1	374	1078	1079	1080	253
1	480	2767	2514
1	362	2629	2630	2631	3092
1	473	1702	1703	1704	1705	2002	2003
1	402	3138	3139	1278	1279	1515	1516	651
1	457	612	100	101	102	103	104
1	440	961	962	963	964
1	457	2904	2905	2906	2907	1451	1452
1	462	894	2089	2792	2793	2794	2232
1	462	708	709	2404	2091	2092	2093
1	437	1315	1316	1317	1318	1319
1	470	2238	2239	2240	2241	2242	2243
1	410	1837	2671	2672	1336
1	470	1337	2673	2674	1338
1	398	510	1966	1967	1968
1	461	1055	2941	2942
1	424	1923	1924	433	434	435
1	469	1624	921	922
1	377	2968	2969	3072
1	409	3071	2864
1	374	294	295	296
1	478	1159	1160	1161	1162	1774	1775
1	462	1776	360	1479
1	371	1045	1046	2885
1	376	1625	1626	2186
1	421	2062	2063	2617
1	454	1148	1149	3088
1	461	500	815	816
1	425	509	1365	324
1	380	1971	1972	1973
1	380	1179	2844	2845
1	431	155	156	2994	2995	2996	2997
1	463	2382	2383	2384	2385	2386
1	471	2357	2358	2359	2360	2361	2362	2363
1	471	2958	2959	2960	2961	2962	392
1	476	2771	2772	2773	207	208	259
1	441	488	2767
1	466	315	316	317	318	2884
1	466	1627	2120	2121	2762	2763
1	555	2458	2459	2228
1	555	118	119	566	1136	1137	1138
1	529	1734	1735	719	720	1123	1124	1125
1	599	1734	1735	719	1551	1552	2102	2103	2104
1	581	121	2245	2246	2247	2248	2857	2858	2815
1	598	1887	2485	2486	2487	2488
1	548	1759	1760	1761	1762	1763	1764
1	507	2580	1521	1522	1523
1	550	2724	353	2
1	574	2228	2229	2230	2406	2407	2408	2409
1	564	2463	2464	2600	2601	2602	2840	2841	332	333
1	537	1731	1732	1977	2949	3005	3006	3007	3008
1	523	3024	3025	3026	2190	2191	2192	2611	2612	2613
1	589	1410	2726	2727	990	1472	1473	2218	2219	2220
1	596	1238	1239	1240	1241	1242	1243	1244	2944	2945	2946	2947
1	510	3015	3016	1495	1496	1619	1620	1621
1	505	795	796	797	798	2612	2613	2614
1	541	1598	9	2596	511
1	595	1965	1966	1303	1304	1175
1	571	2354	2355	1974	1975
1	541	3049	3050	3051	1864	1865
1	560	1254	1255	1256	1257	1258	1259	1260	1134
1	587	2036	912	913	914	915	2555	2556	2557
1	568	1498	1499	2372	2373	2374
1	524	2560	2561	2562	2188	2189
1	560	2052	2053	2054	2057	2058	2059	2060	297
1	541	1271	1272	1273	1274	1275	2193	2259	2260
1	555	2261	2064	2723	538	1513	1514	1280
1	586	2016	2017	2018	2019	2739	1852
1	593	1599	1600	1727	1728	3048	3049
1	537	1727	1728	425	426	334	335	336
1	503	337	338	339	2148	19
1	582	341	1688	2154	342
1	584	2751	1685	1686	1687
1	509	518	519	520	521	522	1610
1	499	753	754	755	756	757	2879
1	573	2531	761	2291	2882	831
1	590	832	833	364	1673	1674	1675
1	578	225	226	839	1723	1724	1725
1	573	12	1678	1679	1680	374
1	573	2298	2299	418	2542	1679	1680	374
1	533	1792	1793	557	372	373	374
1	505	556	557	57	58	59
1	588	1726	1426	773	1684
1	525	58	59	60	61	375	1684
1	523	58	59	60	1602	1603	1183
1	579	62	63	2751	1429	1430
1	560	2302	2303	2894	2895
1	573	65	66	1809	1810	1071
1	586	780	781	2036	2037	2038	2039
1	573	3131	74	1454	1455	1456
1	483	790	791	792	1199	1200	1201
1	576	2380	2764	1085	1086
1	564	1457	1630	3077	344
1	591	3077	344	1089	1938
1	560	3033	1633	1634	1635	1636	1637
1	485	2069	2070	2071	2072	81
1	590	1209	1210	82	2585
1	519	1213	2589	1101	598	599
1	550	2010	2011	758	759	760
1	573	1671	1672	835	836	837	838
1	543	2534	2535	227	228	229
1	531	768	769	2469	2470
1	554	2471	2171	2172	2173	2174
1	595	2755	71
1	595	2912	1629
1	562	79	2066	2067	1463	1464	1831	1832
1	597	1096	1097	1098	1099
1	530	822	823	2454	2455	2456
1	511	958	959	960	961	1061	1062
1	575	16	519	520	378	379	380
1	598	1063	1064	1065	1066	1067	174
1	529	779	969	970	22	23
1	571	2905	2906	2907	2908	246	247	248	2319	2320
1	598	1691	1692	184	790	791	2760	2761
1	557	735	1140	1082	1083	534
1	598	2124	2125	447
1	598	448	449	450	451	744	745	453	1831	1940
1	568	1847	6	1114	1115	1301	1302
1	553	2644	1426	1427	1428	17
1	509	3054	3055	1432	1433	2848	20
1	524	21	969	970	1195	1196	911
1	507	2861	3073	3074	3075
1	583	573	574	575	576	577	578
1	535	608	609	610	611	612	100
1	599	615	2541	2542	1796	956
1	567	1060	845	1013	1014
1	488	2918	2919	2920
1	595	419	420	1056	1057	2170	2472
1	521	1986	1987	437	438	2114
1	539	2115	2116	2117	2118	2119	1628	2913
1	565	1666	1667	1668	1669	95	96	3104	3105
1	561	3106	3107	3108	49	50
1	575	51	52	53	54	3115	3116	1797
1	553	109	110	1683	232	233	234	235
1	550	1798	1799	1800	1801	1802
1	575	1803	1804	1805	1806	1807	1808	67	68
1	553	69	726	2310	2311	2312	2313
1	524	199	200	201	744	745	453
1	584	2681	2682	2683	2284	2285	2286	2287	2288
1	589	2142	2880	2881	3097
1	571	2759	185	186	187	685
1	589	686	1205	1206	1207
1	583	2501	2693
1	496	416	417	418	2542
1	543	368	369	370	371	372	373	1681	1682
1	583	2505	482
1	543	847	848	849	850	1809	1810	1811	1812
1	589	2548	1983	1984	175	176	177	178
1	576	2765	1144
1	583	2513	2768
1	534	2625	2626	2627	2628	2207	2208	2776	2777
1	513	550	2455	2456	607	608	3104
1	513	105	769	164
1	582	1948	2333	2334	2335	2080	885
1	582	892	893	2400	2401	894	2089
1	582	2398	2399	2400	2401	2088	2791
1	552	2790	2791	710	2091	2092	2795
1	582	2796	2797	2235	2236	2798	2799
1	582	2233	2234	2235	2236	2237	2238
1	492	1324	639	640	641	1559	1560
1	582	1561	1562	1563	1564	1565	2129
1	492	1326	1327	1563	1564	1328	1329
1	560	699	700	889	890	891	704
1	500	2089	2090	711	712	713	714
1	560	2099	2100	2101	1737	1738	1739
1	600	2103	2104	2105	630	631	632	633	634	635	636
1	590	2244	1320	1321	1322	1323	1743
1	560	1329	1330	1331	1332	1333	1334
1	590	1335	140	141	874	875	1838
1	530	2674	1338	1339	2675	2676	2677
1	538	1351	1540	1541	1542	1543
1	505	2943	2944	335	1976	2948	2949
1	513	1979	2951	3059
1	495	625	626	674	675
1	538	2953	2954	2955	2956	1616
1	538	587	588	589	590	1149
1	507	2443	2444	2270	2271
1	487	1178	1008	1009
1	549	2415	2416	2417	2418
1	554	1247	1248	1249	1250
1	531	2475	2476	2477	1437	1438
1	518	1439	1440	436
1	551	1988	1989	569
1	531	1511	1512	1513	2199	2200
1	526	1937	1090	2515	495	496
1	547	2618	2619	2620	1092	1147
1	527	2830	2831	1955	1956	1957
1	579	1350	1044	1480	1481	1482
1	575	1958	1959	1786	1787	1788
1	523	1789	1790	1967	1968	1969	1970
1	544	1235	1236	2413	2414	2415
1	546	1922	1253	1130	1131	1132
1	546	2365	1987	1262
1	580	387	388	389	570
1	593	438	2371	3066	2963	2964	2965	2966
1	523	1263	1264	1265	1266	1267	1268
1	572	3070	2862	2863	2970	2971	2325	394
1	588	1269	1270	3027	3028	3029
1	593	3030	1510	398	399	400
1	555	401	811	812	813	814
1	537	1772	312	313	314	2688	2689
1	521	2998	2999	1915	1916
1	594	2113	2371	390	391
1	560	2433	2434	2435	2436	539	540
1	594	803	804	805	806	807	808	2201
1	589	2636	2637	2638	155	156	157
1	589	1914	1915	1916	2358	2359	2360	2361
1	559	2110	2111	2112	2959	2960	2961
1	584	3094	601	1717	1718	2497
1	509	2332	258	2774	2775	209
1	497	467	1719
1	498	2496	2497	2498	2499
1	506	2500	765
1	498	2502	368	369	2694
1	497	2893	2696
1	498	2506	847	848	483
1	506	851	485
1	498	484	2182
1	497	256	1145
1	537	1047	319	320	321	322
1	491	323	1001	954
1	491	2474	1980	1981
1	537	1505	1506	1507	1508	1509
1	573	1227	1228	1229	1230	1231	1232
1	573	2422	2423	2424	2425	2426	2427
1	573	2972	2973	2974	2975	2976	2977
1	599	1417	1418	1419	1420	1308	1309	1310	1311	1312
1	400	2147	2751	1685	1686
1	465	34	35
1	449	2213	2214	2215	2143
1	415	272	273	2744	275
1	463	1246	3003	624
1	398	1990	788	1265	1266
1	400	1219	2730	2731
1	431	621	622	1379	1380	1381	1382
1	427	282	2806	2481
1	466	955	3117	3118	3119	3120
1	576	897	2347	2348	2349	2350	2351	2352	2601
1	599	1734	720	721	722	723	2104
1	583	2223	2224	2225	2226	2227
1	569	2221	1415	1299	1300
1	598	1767	1768	1639	1640	1641	1642	2581
1	540	1779	1780	1596	1116	1117	946	1964
1	534	512	513	514	515	2599	2600	2353
1	577	1976	1733	903	904	905	1436
1	579	1435	906	907	908	909	910	781
1	562	1260	1261	2704	2705	2706
1	482	2558	2559	2560	1198	793
1	562	2060	2061	2568	2569	2570
1	588	916	917	918	2043	2044	976	977	978	979
1	571	1390	2860	684	1200	2255
1	560	926	927	2722	3036
1	500	36	37	2875
1	487	1028	1029	1030	1031	1032
1	545	1670	1671	1672	1050	2742
1	560	414	415	1721	1722
1	561	2752	376	377	172
1	522	173	2550	2551
1	561	1074	182	183	184
1	484	188	189	535
1	590	1996	1630	1087	1088
1	560	1205	1206	1207	1208
1	522	1939	1284	1285
1	550	2933	2934	2022	1676	1677
1	485	2536	2537	2538	2539	1794
1	547	230	769	770	771
1	573	1684	2028	64	523
1	536	2753	2754	1016	966	967
1	543	1018	1019	1020	972	1689	1690	1691	1692
1	496	1084	739	78
1	597	1458	1459	688	689	690
1	587	1833	2921	1701	1097
1	588	990	1472	1473	2218	1591	1221
1	553	1031	1032	1033	2924
1	503	846	2546	2547	2548
1	521	2763	2564	2565	3030	2329
1	565	249	250	251	2913	2914	2915	190	191
1	564	1005	1180	1181	1182	1607	1608
1	560	1201	1202	1203	1204	536	537
1	530	468	502	503
1	583	852	486
1	575	2523	1100	2211	2526
1	590	695	696	2079	698
1	560	2395	886	887	888	2397	2084
1	560	2085	2086	2087	2790
1	586	705	706	707	2402
1	530	2403	2231	2405	2094
1	556	1740	1741	1742	122
1	590	1556	1557	1558	126	127	644
1	556	129	130	131	132
1	500	2129	2130	2131	2132	2668	1334
1	590	871	872	1837	2671
1	550	1544	1545	947	948	949	950	951
1	587	1365	1366	1002
1	554	952	953	1367	1368	1005
1	510	1003	1004	1369	1370	2842	2843
1	505	1617	1618	1446	1135	1622	1623
1	553	402	403	404	405	3087
1	559	3089	2872	2272
1	580	395	396	397	2263
1	593	2990	2991	1911	154
1	561	3000	3001	3002	2419
1	521	1383	1384	2111	2112
1	574	1504	2381	2430	2431	2432
1	589	393	394	2566	2567	802	2387
1	482	1164	1777	1223	1224	1225
1	506	408	409
1	496	1720	2168
1	506	2504	481
1	497	2510	854
1	498	853	487
1	569	2512	2767
1	496	2766	257
1	537	2366	2367	2368	2369	2370
1	586	2656	2657	2485
1	476	1614	1615	1133
1	435	1490	3062	3063
1	427	2339	2340	2341	2342	1298	215
1	427	1171	1172	1173	1174	1305	1859	1860
1	577	3020	3021	3022	3023	2055	2056
1	576	516	2465	276	277	424
1	594	930	931	2574	2575	2576	2577	2578
1	520	357	358	359	360	1778
1	562	1245	1246	3003	3004	3005
1	587	2046	2047	2048	2049	981	1994
1	496	1412	2834	7	8
1	496	626	627	1871	2850	2107	1925
1	509	1024	1631	1026	1027
1	567	2306	2307	524	966	967	968
1	505	1476	1477	1478	1851
1	506	2740	2741	1051	1052
1	506	2039	973	974	975	976
1	521	3120	3121	1010	1011	1012
1	524	2314	2315	2316	2317	2318	249	1081
1	575	729	730	731	732
1	558	1091	2621	2622	206
1	545	1091	2621	2622	2623	2624
1	582	2669	2670	1836	873
1	556	883	884	697	698
1	590	2095	2096	2097	718
1	526	715	716	717	2098
1	600	325	326	327	328	2940	2941
1	512	2846	2950	1251
1	597	3140	3141	1397	1398	934	935	1517	1518	2579
1	594	2712	1884	2714	2715	2716	2717	2718
1	592	3007	1868	3009	3010	3011	3012	3013	3014
1	596	683	979	980	2050	2051	794	3026	1754	1755
1	548	774	775	776	777	1015	524	966	967
1	500	919	920	921	2967	572
1	530	2081	2082	701	702	703	704
1	591	1166	221	1544	1364
1	584	2732	1778	150	151	152
1	427	3018	2709	2710	2816	2817
1	506	1237	1371	1372	1373	1374	1375
1	553	90	91	1297	2222	1355
1	582	1279	1280	1281	2439	2265	2266	2267	2268
1	524	1176	1177	421	422	423
1	586	2707	2708	2813	2814	2859	2254	793
1	496	2597	517	330	1425
1	596	2598	1421	1422	3046	3047	1244
1	591	2478	628	629	2106	1255	1256	2034	2035
10	619	559	560	561	903
10	698	1730	901	902	283	284
10	703	3019	1879	1880	1881	1882	1883	2713	1992	1993	982
10	608	1154	1155	1156	1157	1158	1159
10	696	1534	1535	1536	1296
10	375	939	1647	1648	1649	1650
10	672	1961	1962	1963	1546	1547	664	665
10	690	2445	2446	2447	2448	2449
10	661	800	801	802	2387	2388	2389	2390
10	616	32	33	986	1900
10	702	351	2726	991	2162
10	584	2849	2850	2851	2852	2853	2854	2855
10	676	1926	1927	2155	2156
10	700	1891	1892	1893	2722	2065	80
10	665	680	681	789	2910	2911	1819
10	703	1041	1344	1345	1346	1347	1220
10	644	2935	2936	2146	2836	2837	2838	2839	2410	2411	1424
10	720	2937	2938	2939	277	278	279	280	281
10	674	1074	72	73	3132
10	668	1023	1928	1929	1930
10	638	40	2007	464
10	559	412	2931	2932
10	693	13	840	841	842
10	649	2001	1945	1946	1947
10	585	3133	3134	3135	3136	579	580	3137
10	680	2466	2467	2468	164	165	166	167	168	169
10	689	3126	1191	1192	2899	2900	2901	2902
10	703	1755	1756	1757	1758	2489	2490	2491	2492	2493	2494
10	630	2594	662	2088	895	896
10	482	2877	83	1903
10	690	551	552	553	554	555
10	692	106	107	108	109	2300	2301
10	703	1068	381	382	383	384	385	386	3064
10	663	69	70	1813	244	528
10	690	1465	1286	1287	1288
10	693	2622	1833	1834	2135	2136	2137	2138
10	705	830	2883	1048	1049	365
10	677	2530	992	2014	2015
10	718	3098	3099	993	994
10	654	543	1034	748	749	750	462	463
10	626	2210	2076	2077	2078
10	587	2511	855	2186	2187
10	706	1694	1630	1025	1632
10	663	825	826	1666	2289	2290	504	505	1226
10	242	880	1653	1654	1655
10	579	2125	2126	2127	2128	1329	2821	2822	2823
10	694	264	265	266	267	268
10	566	1574	1575	1576	1577	1578	1579
10	690	876	877	878	879
10	345	1338	1339	1340	1341
10	715	1325	128	645	2609
10	712	1570	1571	1572	651	652	1403	1404	1405	1406	1407	1408	1899
10	712	407	3089	2872	2873	2874
10	675	2886	2887	2888	2889	2890
10	267	3090	3091	2632
10	701	3065	3066	3067	3068	3069	571	572	2379	2380
10	497	2981	2982	2983	2984
10	595	1917	1918	1919	1920	1921
10	705	1385	1386	1387	1388	1389
10	664	1580	1581	1582	3093
10	597	2364	678	679
10	651	1485	1486	1487
10	633	767	1795	618
10	633	1461	1462	692	693	694
10	610	465	2529	2159	2928	2929
10	705	210	3040
10	667	942	3040
10	667	646	647
10	684	648	649	650	1573
10	702	1746	1747	1748	1749	1750	2658	2659	2660	2661	2662
10	235	600	3095	3096
10	715	1066	239	240	241	242	2308	2309
10	472	2024	2025	2026	2544	2545
10	702	2027	2173	2174	2175	2176
10	679	1212	1040
10	656	410	411	2532	2455	2456	2457
10	605	2768	2769	2770
10	717	3039	3040
10	443	899	900	427
10	719	2112	2113	439	440	441
10	719	2327	2328	3031	3032	345
10	684	1769	1770	1771	2635
10	717	592	1035	2074	38	39
10	706	1904	1905	1906	1907	1908	1163
10	500	666	667	668	669
10	648	1861	1862	1863	3052	3053	3054	3055	3056
10	655	2483	2484	1394
10	700	1876	1877	1878
10	697	1931	1932	1933	1934	1935	1936
10	699	1822	1823	1508	2330	2331
1	523	2812	2249	2250	2251	2252	2253	2052
1	506	1779	1594	2787	1359	1360	1361	1362	1363
1	593	3037	3038	1639	1640	3086	1408
1	582	1553	1554	638	1556
1	560	123	124	125	642	643	644
1	554	3057	3058	2952	3060	3061
1	595	808	809	810	2440	2441	2980
1	599	2780	2781	2782	2783	1539	1352	1353	1354	1416
1	506	3045	1423	2412	331	1729
1	594	1766	3083	3084	3085	1641	1642
1	592	236	237	238	1067	1068	1069	1070
1	582	636	637	1555	123
1	595	2570	2571	2572	2573	932	933	1896	1897	2869
1	595	1488	1489	1252	676	677	2957
1	599	1313	1314	1126	1127	1128	1873	1874	1875
1	517	932	933	1399	1400	1401	1402	1519	1520
1	582	343	1024	1087	983
1	590	1348	1349	1165
1	590	2437	1894	1895	1401	812
1	565	1777	1541	1542	1225	506	507	508
1	526	1391	1392	1393	1751	1752	1889
10	682	1139	1140	1141	1142	1143
10	667	2788	2789	663	1548
10	712	1276	1277	1765
10	214	1646	940	941
10	702	1305	1306	1307	2601	2602	2603	2604	2605
10	661	1376	1377	1378	2361	2362	2420	2421
10	586	1475	1476	2785	1353	1354	2344	2345	2346
10	620	995	996	1119	1120	898
10	335	2139	2876
10	664	2645	2646	2647	2648	2649	2650	2651	2652
10	407	987	988	989
10	720	1611	1612	1613	1491	1492	1493	1494	3017
10	661	544	545	1706	1707
10	707	2930	413
10	528	366	367	2503	2169
10	540	1075	1076	1077	734	735
10	712	691	494	2516	2517	2518
10	543	2524	2525	1214
10	695	243	23	24	25	682	2044	2045
10	702	1820	1630	3077	3078
10	677	1700	1944	546	2519	2520
10	678	1604	1605	1606	1607	1608	1609	2149
10	702	1549	1550	2237	2801
10	331	1902	2140
10	659	42	821	822	823	824
10	703	2533	1671	1672	2934	2835
10	567	43	44	45	46	47	48
10	602	2174	114	115	116	117
10	163	751	752
10	412	205	2922	2923	1466
10	706	111	1684	1184	1185
10	698	2209	1708	1213	41
10	532	1583	1584	1585	1586	1587	1588
10	699	865	866	867	868	869	870	139
10	338	2592	2593
10	705	1952	1953	1954	1955	361	362	363
10	621	223	224	2023
10	609	2201	2202	2203	2204	499	500	501
10	463	1651	1652	881	882
10	150	1912	1913
10	519	2981	2982	1530	1531
10	705	2992	2993	2639	2640	2641	2642
10	620	619	620	623
10	405	2392	2393
10	706	2634	2988	2989	2990
10	654	2428	2429	2326
10	593	2891	2892	2893
10	654	2508	179	180	181	1021	1022
10	705	3041	1121
10	705	1122	2606
10	679	346	1211
10	717	285	2608
10	687	3121	3122	3123	3124	3125	18
10	436	1342	1343	1042
1	462	2134	1835	1836	1335
1	524	271	272	273	274	2745	2746	2747
1	483	2684	2685	2686	47
1	598	1441	1442	1443	1444	1445	567	568
1	456	163	2469	2470	842	843
1	509	1462	2068	1283	1284
1	470	1949	1950	1951	2396	2083	2084
10	651	1524	1525	1526	1527	1528	1529
10	658	1102	1103	1104	1105	2338
10	696	2460	2461	2462	2463
10	718	1151	1152	2583	2584	2073	347	593
10	657	1845	1846	1847	1848	1849	1483
10	703	2256	2257	2258	2194	2195	301	302	303	304
10	695	2145	364	1673	1791
10	718	2029	2030	2031	2032	2033	430	431	432	2108	2109
10	644	687	1997	1998
10	705	1038	1039	1213	2212
10	720	2321	2322	254	255
10	703	231	15	16	1685	340
10	690	525	526	527	245	2909
10	709	1711	2450	85	86	87	88	89
10	544	3109	3110	3111	3112	3113	3114	55	56	558
10	705	1459	1695	1696	1697	1698	1699
10	666	1453	533	1821
10	690	656	657	658	659
10	717	305	306	307	308	309	310	311	1773
10	671	158	159	160	161	162	957
10	675	1582	3093	260	261	262	1709
10	678	1292	1293	1294	1108	1109	1110	1111	1112	1113
10	695	2177	2178	2179	2180	2181	2758
10	696	1999	2000	1098	1036
10	676	442	443	444	445	446	447	448	449
10	711	2695	2507
10	712	1146	496	497	498	1093	1094	1095
10	643	1910	508	153	1484
10	466	670	671	672	2479	2480	2481	2482
1	479	1662	1663	1664	1665	827	828	829
1	591	2832	2833	5	6	7	1167	1597
1	555	1978	2847	1434	1435	673
1	534	1866	1867	1868	1869	1870	1871	1872	1129
1	593	1592	1593	218	219	220	1598
1	593	1991	1885	1886	1887	1888	1753	1890
1	505	2865	2866	2867	298	2615	2616
1	518	1957	1850	222
1	580	1641	1642	1643	1644	1645	2269
1	537	1058	1059	844	845	2473
1	594	2807	2808	2809	781	782	783	784
1	577	298	299	300	2196	2197	2198
10	718	1	1295	3	4	93	94	3102	3103
10	616	724	725	726	727	728
10	483	1467	1468	1469	1470	1471
10	479	1532	1533	1409	2725	1411
10	712	2655	2856	2711
10	668	984	985	3079	3080	3081	3082	653	654
10	585	2012	2013	2144	145	146	147	148
10	663	1638	1639	406	1150	1151	2582	1153
10	718	594	595	596	597	2075
10	688	1186	1187	1188	1189	1190	3127	3128	3129
10	693	817	1715	2281	2282	2283
10	340	2521	2522	2004	2005
10	699	557	616	617	2543
10	706	2687	2688	2689	2690	2691	2692
10	672	2292	2293	2294	2295	2296	2297
10	630	603	604	605	606
10	679	1982	1812	2756	2757
10	692	1233	1234	1235	1006	1007	2356
10	689	428	429	1316	1317	2607
10	711	660	661	2595	10	11
10	674	1395	1396	3142	3143	3144	3145	3146	3147	3148	3149
10	480	2985	2986	2987	1909
1	553	90	1107	1536	1537	1538	1414	2343	1355
1	476	2870	2871	2442
1	480	216	1355	1356	1168	1169	1170
1	596	1413	2784	1352	2786	1595	1781	1782	1783	1784	1785
10	707	2583	2584	2073	2586	2587
10	631	2273	2274	2275	2276	2277	2278	2279	2280
10	638	347	348	349
10	349	2588	1037	1038
10	461	1710	1711	1712	2678	2679	2680
10	717	581	582	583	584	540	541	542
10	672	2006	2007	2008
10	689	269	270	1853	1854	1855	1856	1857	1858
10	667	965	1017	1018
10	704	591	2205	2206	2776	2777	2778
10	693	2701	2702	2703	1500	1501	1502	1503
10	664	469	470	471	472	473	2741	2742	2743
10	696	856	857	858	859	1460
10	715	211	212	213	214	217	149	219	1357	1358
10	655	762	763	764	765	766
10	592	2163	2164	2165	2166	2167
10	684	2697	2698	2699	2700	2701
10	695	2818	2819	2820	134
1	521	2728	2729	2831	5	2016	2017	2018
1	552	92	93	1222	1959	1960
1	552	2665	1566	1567	1568	1569	137
1	582	2663	2664	1565	133
1	530	2666	2667	135	136	2133	138
10	667	2824	2825	2826	2827	2828	2829
10	689	2020	2021	834	474	475	476	477
10	694	1693	252	253	2323	2324	2972
10	720	2549	2550	2551	2552	2553	2554	916
10	708	454	455	456	457	458	459	460	461
10	140	547	548	549
10	711	1589	1590	2215	2216	2161
10	610	286	287	288	289	290	291	292	293
10	626	736	737	738	489	490
10	697	1839	1840	1841	1842	2160	2161	1843	1844
10	697	2150	2151	2152	2153	2040	2041	2042	2043
10	717	2978	2979	2264	655
10	709	562	563	564	785	786	1447	1448	1449	1450
1	522	162	3118	770	771	772
10	692	2748	2749	2750	2751	2752
10	682	860	740	741	742	743	744	745	746	747
10	684	14	112	113	170	171	776	777	778
10	701	27	28	29	30	31	3035
10	699	84	2451	602
10	698	478	479	480	2304	2305	1431	1432	1433
10	376	2157	2610	2719	2720	2868
1	435	2262	585	586
10	696	2926	2927	2160	2217	1474
10	604	2590	2591	2336	2337	1106
10	718	2653	2654	565	120	121	122	1744	1745
10	674	1657	2009	1715	1716	2452	2453
10	613	1215	1658	1659	1660	1661
10	718	944	945	1118	997	998	999	1000
10	570	1656	2527	1217	1218	2827	2828
10	707	75	76	77	861	862	863	864

MyIndex	Index	StartTime	EndTime	StartStation	Endstation
5	1291	131	227	1014	2993
9	2779	167	273	1014	1823
55	263	354	442	2221	14
280	943	1077	1151	1175	1756
2593	2158	6812	6876	1175	1938
2916	2391	7793	7869	3243	3631
3012	1901	8328	8522	2759	3125
3044	1289	8595	8714	699	2759
3103	2394	9652	9726	3631	3243
3114	1290	9768	9962	2759	3125
3124	2633	9856	9886	4446	960
3142	2141	10035	10080	699	2759
3145	350	10040	10080	3631	3113
3148	2925	10062	10080	3152	1419
