Costs	Duraton	Task_1	Task_2	Task_3	Task_4	Task_5	Task_6	Task_7	Task_8	Task_9	Task_10
1	457	1	269	270
1	404	289	290	291	103	215
1	424	187	159	131
1	396	223	224	225
1	372	287	288	289	290	291
1	456	214	104	187	159	160
1	478	290	291	185	186	187	188	189
1	633	1	269	27
1	506	81	12
1	679	20	21
1	656	204	205	206
1	690	123	124	125	126
1	647	102	103	186	187	159	160	161
1	602	156	157	158	159	160	161	162	163
1	604	291	214	186	187	159	160	130
1	459	94	95	96
1	434	158	159	254	255	256	257
1	478	290	291	214	215	187	188	189
1	558	234	235	236	237	238	239
1	647	102	214	215	187	159	160	161
1	586	90	91	92	76	77
1	717	288	289	290	291	253
1	604	291	214	215	187	159	160	130
1	647	102	185	160	161
1	604	291	185	160	130
1	478	290	291	103	104	187	188	189
1	647	102	103	104	187	159	160	161
1	604	291	103	104	187	159	160	130

MyIndex	Index	StartTime	EndTime	StartStation	Endstation
0	221	351	414	6949	4377
1	170	373	438	4630	3638
2	266	402	451	3349	6296
3	222	414	419	4377	4718
4	267	451	558	6296	877
5	48	504	658	1075	4377
6	295	545	744	6142	7331
7	296	744	785	7331	6900
8	22	774	944	4621	6849
9	49	838	843	4377	4718
10	297	991	1058	6900	7331
11	298	1058	1060	7331	1014
13	171	1145	1206	3638	4621
14	107	1164	1217	4185	830
15	23	1178	1230	6849	2759
16	195	1205	1266	3638	4621
17	108	1217	1219	830	5789
19	24	1230	1337	2759	3152
20	172	1254	1315	4621	3638
21	268	1309	1363	877	3113
22	2	1337	1390	3113	877
25	50	1406	1504	4718	2221
26	138	1439	1500	508	5789
27	299	1445	1471	1014	1184
28	25	1461	1503	3152	669
29	300	1471	1482	1184	1014
30	68	1497	1612	4446	4513
31	51	1504	1689	2221	5885
32	26	1513	1669	669	830
34	3	1570	1570	877	1453
35	226	1615	1653	4718	6263
36	139	1621	1771	5789	669
37	69	1626	1675	4513	6710
38	227	1653	1679	6263	4377
40	271	1678	1719	5789	6888
41	70	1689	1755	6710	1419
42	272	1723	1776	6888	3243
43	71	1755	1807	1419	2759
44	301	1773	1810	1014	2761
45	273	1776	1787	3243	1480
46	140	1790	1836	669	3152
47	302	1810	1828	2761	3125
48	72	1824	1874	2759	6849
49	141	1836	1931	3152	4513
51	303	1895	1920	3125	4621
52	109	1906	1952	5789	4185
53	110	1952	1993	4185	3631
54	73	2054	2104	6849	2759
55	52	2140	2186	5885	7191
56	142	2142	2164	4513	927
57	53	2186	2339	7191	1453
58	4	2228	2408	1453	3139
59	228	2270	2352	4377	7191
60	111	2330	2387	3631	508
61	54	2348	2528	1453	3139
62	229	2352	2441	7191	4446
63	274	2366	2378	1480	3243
64	196	2370	2395	4621	3125
65	112	2387	2448	508	5789
66	88	2392	2571	3139	1453
67	197	2395	2407	3125	1184
68	5	2408	2556	3139	4196
69	173	2424	2485	4621	3638
70	304	2484	2545	4621	3638
71	6	2593	2679	4196	4513
72	230	2653	2689	4446	4238
73	231	2689	2691	4238	4718
74	89	2751	2821	1453	3349
75	232	2811	2925	4718	4513
76	198	2829	2844	1184	7331
77	199	2844	2846	7331	1014
78	200	2869	2918	1014	5100
79	143	2879	2919	6804	2262
80	233	2932	3044	4513	1419
81	201	2935	2963	5100	2997
82	202	2974	3022	2997	3480
83	28	3032	3156	5789	3113
84	203	3033	3107	3480	669
86	174	3059	3168	1938	6142
87	113	3061	3211	5789	669
89	29	3166	3220	3113	877
90	275	3204	3296	3243	3631
91	114	3230	3276	669	3152
92	30	3237	3398	877	4238
93	74	3264	3314	2759	6849
95	326	3269	3331	1938	1175
97	276	3299	3328	3631	4185
99	277	3328	3442	4185	6617
103	144	3386	3415	2262	4238
104	31	3398	3516	4238	7191
105	7	3439	3527	4513	4377
106	115	3456	3616	3152	508
107	75	3465	3551	6849	4513
110	93	3512	3605	4513	3152
113	145	3595	3601	4238	4377
114	240	3602	3774	1419	4621
117	278	3642	3687	6617	5624
118	116	3672	3729	508	3631
119	279	3687	3942	5624	3139
120	8	3722	3874	4377	1075
121	117	3776	3807	3631	2925
122	207	3776	3820	669	3152
123	241	3804	3865	4621	3638
124	118	3807	3828	2925	5789
125	32	3817	3908	7191	4377
127	208	3820	3878	3152	6849
128	146	3830	3912	4377	7191
129	55	3832	4011	3139	1453
130	175	3864	4066	6142	7331
131	78	3868	4126	3349	3631
132	327	3868	3941	1175	1756
133	9	3874	3881	1075	1453
134	147	3912	4215	7191	6116
135	305	3924	3985	4621	3638
137	209	3938	3990	6849	2759
138	328	3941	3997	1756	1938
139	280	3952	4131	3139	1453
140	56	4011	4011	1453	877
141	33	4012	4073	4377	4630
143	119	4039	4187	5789	669
144	306	4055	4116	3638	4621
145	176	4066	4068	7331	1014
146	177	4083	4149	1014	2997
147	178	4168	4217	2997	3480
148	97	4191	4222	3152	699
149	120	4197	4275	669	3480
150	98	4222	4427	699	5789
151	242	4228	4254	4621	1184
152	179	4231	4265	3480	3152
153	180	4265	4446	3152	4185
154	243	4269	4284	1184	7331
155	79	4280	4378	3631	3113
156	121	4284	4329	3480	2997
157	244	4284	4286	7331	1014
158	57	4306	4395	877	4446
159	245	4339	4409	1014	2997
160	122	4343	4410	2997	7331
161	80	4378	4511	3113	3139
162	58	4395	4423	4446	4718
164	246	4424	4472	2997	3480
165	247	4483	4560	3480	1419
166	59	4495	4533	4718	6263
167	60	4533	4559	6263	4377
168	248	4560	4797	1419	996
169	281	4595	4833	1453	6116
170	61	4626	4742	4377	4513
172	329	4671	4740	1938	1175
173	307	4674	4735	4621	3638
174	34	4685	4746	3638	4621
176	10	4738	4762	1453	997
177	330	4740	4756	1175	4621
178	11	4762	4791	997	1453
180	35	4794	4855	4621	3638
181	148	4821	5079	6116	4513
182	282	4833	5153	6116	6990
183	308	4915	5019	3638	6263
185	210	5008	5129	2759	699
187	149	5088	5174	4513	6849
188	331	5094	5155	4621	3638
189	36	5124	5184	4621	5100
190	309	5132	5164	6263	4718
191	310	5164	5237	4718	3349
192	283	5165	5184	6990	6844
193	13	5168	5253	3139	3911
194	99	5183	5325	5789	669
195	284	5184	5193	6844	5789
196	150	5265	5351	6849	4513
197	285	5276	5435	5789	669
198	311	5280	5292	3349	960
199	332	5285	5346	3638	4621
200	312	5292	5327	960	4446
201	100	5328	5428	669	1419
202	249	5354	5427	996	2925
203	181	5357	5395	4185	3631
204	62	5359	5448	4513	4196
205	151	5359	5447	4513	4377
206	182	5395	5403	3631	5789
207	37	5396	5442	5100	4888
208	250	5427	5448	2925	5789
209	286	5439	5523	669	3480
210	152	5447	5576	4377	3638
211	38	5456	5464	4888	7331
212	63	5457	5504	4196	1453
213	39	5488	5515	7331	750
214	313	5533	5569	4446	4238
216	153	5585	5646	3638	4621
218	211	5625	5651	699	3152
219	212	5651	5680	3152	6710
220	333	5668	6040	4621	3113
222	183	5733	5882	5789	669
223	101	5759	5761	6849	1419
224	127	5759	6152	4651	5789
225	154	5759	5931	4621	3152
228	64	5860	5997	1453	3631
230	213	5868	5930	6710	3480
231	184	5886	5964	669	3480
232	292	5923	6000	3480	1419
234	155	5932	5983	3152	1419
239	293	6000	6052	1419	2759
241	251	6021	6175	5789	669
243	14	6058	6165	3911	1453
244	82	6076	6177	1453	4377
245	105	6080	6153	7331	3638
247	216	6085	6158	7331	3638
248	40	6099	6187	1756	3638
249	334	6132	6195	3113	1453
251	314	6145	6294	6804	7191
252	106	6155	6216	3638	4621
253	128	6157	6327	5789	669
254	65	6163	6228	3631	508
255	15	6165	6172	1453	1075
256	252	6178	6269	669	3480
259	217	6185	6246	3638	4621
260	335	6195	6248	1453	4196
262	16	6225	6262	1075	997
263	66	6228	6281	508	3631
265	17	6262	6291	997	1453
267	41	6305	6366	3638	4621
268	18	6308	6488	1453	3139
269	129	6333	6416	669	3480
270	315	6334	6379	7191	5885
273	316	6379	6414	5885	4446
279	19	6488	6550	3139	6116
280	218	6504	6565	4621	3638
283	317	6552	6600	4446	3349
284	336	6553	6639	4196	4513
285	132	6561	6563	7331	1014
287	83	6602	6754	4377	1075
288	337	6639	6646	4513	5818
289	258	6652	6687	3125	6563
290	67	6656	6687	3631	2925
291	338	6665	6783	5818	4377
292	259	6687	6855	6563	2759
293	42	6690	6715	4621	3125
294	43	6715	6730	3125	4621
295	44	6744	6805	4621	3638
296	339	6783	6806	4377	4446
297	45	6805	6806	3638	2221
298	133	7005	7059	1014	5100
299	134	7074	7102	5100	2997
300	260	7096	7230	2759	699
301	135	7114	7159	2997	3480
302	164	7115	7205	1419	3480
303	136	7172	7248	3480	669
304	190	7189	7238	1014	5100
305	165	7222	7267	3480	2997
306	261	7230	7309	699	4513
307	191	7255	7283	5100	2997
308	137	7259	7406	669	830
309	166	7281	7346	2997	7331
310	192	7294	7342	2997	3480
311	340	7316	7337	4446	4377
312	341	7343	7425	4377	4630
313	167	7346	7351	7331	3125
314	193	7353	7427	3480	669
315	46	7378	7407	2221	86
316	342	7425	7490	4630	4377
317	194	7430	7606	669	830
318	343	7506	7622	4377	4513
319	262	7513	7572	4513	3959
320	263	7580	7620	3959	6849
321	318	7602	7651	3349	6296
322	294	7636	7694	2759	4778
323	319	7651	7739	6296	7191
324	219	7655	7716	3638	4621
326	84	7704	7858	1075	4377
327	320	7848	7930	7191	4377
328	85	7858	7960	4377	997
329	321	7930	8042	4377	7191
330	344	7968	8054	4513	6849
331	264	8025	8111	6849	4513
332	345	8054	8129	6849	699
334	86	8138	8162	997	1453
335	220	8274	8335	4621	3638
336	87	8740	8877	1453	3631
337	322	9288	9370	7191	4377
338	323	9410	9503	4377	7191
339	324	9503	9656	7191	1453
340	168	9598	9753	3125	6849
341	47	9725	9786	3638	4621
342	169	9759	9788	6849	2759
343	265	9843	9860	4513	927
344	325	9990	10059	1453	960
345	346	10035	10080	699	2759
