Costs	Duraton	Task_1	Task_2	Task_3	Task_4	Task_5	Task_6	Task_7	Task_8	Task_9	Task_10
1	433	936	937	938
1	479	1390	2377	2378	573	574	575
1	458	2438	1282	2069	1898
1	465	34	35
1	403	822	823	824	825	826	827	828
1	450	43	606	607
1	456	2761	2122	2123	2124	2125
1	471	495	496	497	498	1093
1	440	2277	2278	2279	2280	2281
1	382	2283	2284	2285	2286	2287	2288	2289	2290	2291
1	382	201	202	203	204
1	462	132	133	2667	135	136	2133
1	470	1949	1950	1951	2396	2397	2084
1	470	1331	1567	2668	138
1	467	2863	2864	2061
1	400	2568	2569	584
1	465	2201	2202	2203	2204	499
1	461	500	815	816
1	380	1179	2844	2845
1	379	1263	1624	1625
1	448	2619	2620	1092	1147	1148
1	463	2382	2383	2384	2385	2386
1	471	2357	2358	2359	2360	2361	2362	2363
1	476	2771	2772	2773	207	208	259
1	466	1982	1983	1984	1985	1986
1	555	2458	2459	2228
1	555	118	119	566	1136	1137	1138
1	656	2227	2228	2229	2230	2231	2405	2406	2407	2408
1	646	333	901	902
1	529	1734	1735	719	720	1123	1124	1125
1	705	2613	301	1571
1	550	2724	353	2
1	689	1534	1535	2782
1	583	2223	2224	2225	2226	2227
1	615	2460	2461	2462
1	615	427	670	671
1	650	1869	1870	628	629	2106	1255	1256	2034	783	784
1	689	2655	2856	2251
1	615	1276	1277	1278
1	633	356	357	358	359	1777	1778	1779
1	646	432	433	434	1442	1443	1444	1445	1619	1620	1621
1	592	1622	1623	2706	2558	1881	1882	1883
1	690	1176	1368	1005	1006	1007	2942	2943
1	702	1498	1499	2372	2373	2374	2375	2859
1	620	2707	2708	2813	2814	3021	2860	2861	1270
1	664	1391	2253	2254	793	794	3026	3027	2865
1	541	1271	1272	1273	1274	1275	2193	2259	2260
1	694	88	89	90	1107	1536	1296	2833	5	2016	2017
1	669	1848	2734	2735	2736	2737	2738	2739	1852
1	587	2046	2047	2048	980	981	1994
1	587	1634	33	34
1	640	1114	1115	1301	1598	9	2596
1	593	1599	1600	1727	1728	3048	3049
1	560	926	927	2722	3036
1	719	3129	1688	2154	342
1	702	341	1688	2154	342	1927	2155
1	702	343	1204	3077	983	984	985
1	712	986	1900	36	37	2875
1	644	2213	2214	2215	2143	2012	2013
1	689	2213	351	2726	2727	990	991	992
1	516	3100	3101	2735	2736	832	833
1	629	2751	2302	2303	2304	2305	1610
1	629	1204	1205	3032	1027
1	487	1028	1029	1030	1031	1032
1	499	753	754	755	756	757	2879
1	573	2531	761	2291	2882	831
1	560	414	415	1721	1722
1	702	12	1678	1679	1680	374	60	61
1	717	60	1602	1603	1604	1605	1606	1607	1608	1609
1	718	62	63	2751	1685	64
1	679	773	1684	519	520	774	775	172
1	527	523	524	966	967	968	969	970
1	487	19	20	21	969	970
1	705	173	2550	23	24
1	561	1074	182	183	184
1	702	3131	74	1454	1455	1456	1200	1201
1	700	792	1199	188	189	535
1	655	3135	3136	579	30	2065
1	485	2069	2070	2071	2072	81
1	680	544	1098	347	593
1	718	594	595	596	597	2075
1	672	597	83	1903
1	519	1213	2589	1101	598	599
1	623	1712	1713	1714	2010	2928	2929
1	602	2450	2451	2010	2928	2929
1	668	1715	1716	1717	411
1	623	761	2291	2292
1	649	1671	1672	1673	1674	1675	1676	1677
1	664	1795	1796	1797	109	110	111
1	674	2471	2171	2172	519	520	774	775
1	536	2753	2754	1016	966	967
1	629	727	728	729	1689	1690	1691	1692
1	682	244	528	529	530	531
1	715	1693	252	253	1629
1	643	532	1454	1455	1456	1200	1201	1457
1	664	2912	1694
1	560	1458	740	741	742
1	678	1460	1461	1462	1463	1464	1831	1832
1	673	1697	80	1636	1637	1283	1284
1	671	1701	1097	1098	1099
1	632	829	830	2883	319	320
1	669	607	608	609	610	611	612	100	101
1	538	97	98	99	100	101
1	511	958	959	960	961	1061	1062
1	598	1063	1064	1065	1066	1067	174
1	571	2905	2906	2907	2908	246	247	248	2319	2320
1	589	2321	2322	1629	534
1	669	2122	2123	2916	2917	2918	1824	1825
1	684	1826	1827	1828	1829	1830	452	453	1831	2517
1	553	2644	1426	1427	1428	17
1	553	1031	1032	1033	2924
1	599	615	2541	2542	1796	956
1	688	1094	1095	1096	1704	1705	1945
1	657	1660	1661	1662	1663	1664	1665
1	483	2684	44	45	46	47
1	605	1666	1667	1668	1669	95	96	3104	3105	3106	3107
1	657	3108	49	50	51	52	53
1	550	1798	1799	1800	1801	1802
1	544	233	234	235	236	237	238
1	575	1803	1804	1805	1806	1807	1808	67	68
1	553	69	726	2310	2311	2312	2313
1	524	2314	2315	2316	2317	2318	1816	1817	1081
1	544	196	197	198	199	200	201
1	620	1664	1665	827	828	45	46	47	48
1	589	2142	2880	2881	3097
1	680	604	605	606	318	1048
1	695	1049	365	2296	2297	2298
1	695	2301	2752	521	522	65
1	683	2895	2896	2897	2898	1193	1194	1072
1	695	1073	1074	1021	1022	732
1	571	2759	185	186	187	685
1	589	686	1205	1206	1207
1	664	2009	1715	1716	1717	1718
1	583	466	2496
1	530	468	502	503
1	703	2501	417
1	586	2894	66	1809	1810	1811	1812
1	656	67	1983	1984	175	176	2178	2179	2180	2181
1	616	2756	2757	2510
1	664	179	180	181	1075	1076	1077
1	602	2182	2183	2184	1628
1	720	734	735	1140	1082	1083	1084
1	616	254	255	256
1	696	2765	2768
1	703	2513	2514
1	697	2769	2770	2771
1	671	2515	2516	2517	1941	1942	2772	2773
1	703	2625	2626	2627	2628	2207	2208	2629	2630
1	711	2247	2248	2249	2250	289	290	291	292	2052	2053	2054	2055	2056	2057
1	553	3138	3139	3140	3141	1397	1398	934	935	1517
1	672	1948	2333	2334	2335	698	2081
1	612	892	893	2400	2401	2790	2791
1	492	894	2089	2792	711	712	713
1	492	2402	2403	2404	2091	2092	2795
1	702	2794	2232	714	2095
1	612	2796	2797	2235	2236	2098	2238
1	682	2102	2103	2104	2105	630	631	1316	1317	1318	1319
1	702	1553	1554	1320	1321	1322	1323	1743	1744
1	672	1559	1560	1561	1562
1	642	1326	1327	1563	1564	1328	1329	1330	2666
1	642	2669	1835	1836	1335	140	141
1	706	883	884	2335	698	699	700
1	710	656	2334	2335	2080	885	886	887	888
1	710	889	890	891	2398
1	560	2099	2100	2101	1737	1738	1739
1	680	2244	1320	1321	1322	1323	1324	639	640
1	500	2129	2130	2131	1332	1333	1334
1	687	2131	2132	1570	869	870
1	710	1568	1569	137	2134
1	710	871	872	873	874	875	1838
1	710	1335	140	1837	2671	2672	1336
1	650	1337	2673	2674	1338	1339	2675
1	530	2674	1338	1339	2675	2676	2677
1	598	1959	1960	1961	1962	1118	997	998	999
1	698	1959	1960	1363	948	949	950	951
1	654	1000	1001	325	326	327	1367	1368	1005
1	711	1990	788	1265	1266	1267	1268	571
1	618	3073	3074	3075	577	578	579	580	581	582	583
1	704	3028	2062	2063	2064	2723	538
1	716	539	809	810	811	2578	405	406
1	696	2826	2827	2828	311	1773	1774	1775
1	554	1247	1248	1249	1250
1	691	437	438	2371	3066	3067	3068
1	706	295	296	297	2261	2262
1	719	3029	3030	1510	398	808
1	697	1937	1090	2515	1092	1147
1	706	814	2442	2443	1577	1578
1	692	2830	2831	1413	1539	1540	1541	1542
1	575	1958	1959	1786	1787	1788
1	618	1543	1544	1364	1365	1366
1	508	1483	154	2639	2640
1	523	1789	1790	1967	1968	1969	1970
1	714	2641	2642	1054	1055	1056
1	662	1974	1975	1978	1979	1980
1	680	2416	2417	2418	3058
1	512	2846	3057	1251
1	718	1981	2698	2699	2700	2701
1	588	1490	1491	435	436	437
1	575	1440	1441	1260	1261	1262
1	662	1133	1134	568	569	570
1	701	922	572	2379	2380	2564	2565
1	714	2970	2971	2325	2326	2327	2328	1510	1511
1	640	395	396	397	2618
1	620	2872	2272	1529
1	657	1920	1921	3059	3060	3061	1614	1615	2957
1	678	2431	2432	2433	2434	803	804	805	806	807
1	657	399	400	401	402	2869	2870	2871	2980
1	712	1772	312	313	314	503	504
1	626	2992	2993	157	158
1	720	508	153	154	155	156	2994	2995	2996	2997
1	626	3000	3001	3002	1378	2361	2362
1	712	1915	1916	621	622	1379	1380	1381	1382
1	654	386	387	388	389	390	391
1	720	386	2702	2703	1500	1501	1502	1503
1	574	1504	2381	2430	2431	2432
1	641	2435	2436	1513	2199	2200	2201
1	589	2636	2637	2638	155	156	157
1	589	1914	1915	1916	2358	2359	2360	2361
1	559	2110	2111	2112	2959	2960	2961
1	675	3111	3112	3113	3114	55	56	57	2467	2468	164	165	166
1	584	3094	601	1717	1718	2497
1	509	2332	258	2774	2775	209
1	679	445	345
1	679	1212	1040
1	497	467	1719
1	498	2496	2497	2498	2499
1	626	2500	416
1	496	1720	2168
1	482	766	367	368	369	2694
1	506	2504	481
1	498	2506	847	848	483
1	506	851	485
1	498	853	487
1	617	2766	1145
1	537	1058	1059	1060	845	2473
1	660	2474	2419	1383
1	537	2366	2367	2368	2369	2370
1	605	2114	2115	2116	2117	2118	2119	2185
1	537	1505	1506	1507	1508	1509
1	612	2329	2330	257	1146
1	605	2329	490	491	492	493	494	495
1	573	1227	1228	1229	1230	1231	1232
1	573	2422	2423	2424	2425	2426	2427
1	573	2972	2973	2974	2975	2976	2977
1	599	2780	2781	2782	2783	2784	2785	1353	1354	1416
1	599	1417	1418	1419	1420	1308	1309	1310	1311	1312
1	435	2878	2213	142	143	144
1	471	2687	2688	1045	1046	1047
1	457	612	613	614	104
1	402	2669	2670	1836	1335
1	471	2958	2959	2960	2961	2962	392
1	427	1171	1857	1858	1859	1860
1	427	282	1868	3009	2479	2480	2481
1	427	3018	3019	3020	2815	2816	2817
1	466	315	316	317	318	2884
1	599	1734	720	721	722	723	2104
1	620	121	122	123	1745	1746	1747	1748	1749
1	694	1517	1518	1519	1520	1521	1522	1523	1524
1	614	2599	1004	1369	1370	1371	1372	1373	1374
1	716	1497	787	2810	2811	2812	2857	2858
1	688	2713	1992	1993	1994	1756	1757
1	603	3146	3147	1573	1574	1575
1	720	2726	2727	990	1472	1473	1474	1475	1476
1	657	1477	1478	1166	1115	1785	1545	1964
1	711	1302	2740	2741	1051	1052	1303
1	711	2036	2039	973	974	975	976	26
1	661	2375	2376	3022	3023	3024	2058	2059
1	715	1966	1791	556	557	57	1726
1	635	1727	2843	3124
1	692	3050	3051	1864	3125	2848
1	688	2810	2811	2708	2709	2710	2711	2712	1884	2714
1	712	924	925	1891	1892	1893
1	719	363	364	2934	2935
1	703	2145	364	2934	2835
1	513	2750	2751	1685	1686
1	703	2147	518	2028	340
1	675	1029	1030	1031	1899	1900
1	655	2552	2553	2554	681	789
1	679	1449	1450	1451	1452	1453	1454	1455	1456
1	685	1712	2678	1715	1716	2452	2453
1	674	2293	2294	2295	837	838
1	668	2534	2535	366	767
1	677	842	843	844	962	963	1015
1	664	2755	1813
1	717	2551	971	72	73
1	706	972	730	731	2910	2911
1	493	1458	1459	1695	1696
1	669	1710	1711	548	549	820	821
1	657	1656	1657	1658	818	819	820	821
1	530	822	823	2454	2455	2456
1	651	102	103	229	230	769
1	604	381	382	71	23
1	673	2907	2908	2909	790	791	2760	2761
1	629	1181	1182	1183	1184	1430	1431	1432	1433
1	682	977	1197	3071	3072	3073
1	662	579	30	31	32
1	659	964	965	966	967	968	2899
1	632	322	323	324	954	955
1	595	419	420	421	1057	2170	2472
1	503	846	2546	2547	2548
1	672	2549	2900	2901	2902	2903	2904	2369
1	483	2684	2685	2686	47
1	716	239	240	241	242	2308	2309	2310
1	677	249	250	251	2913	2914	2915	190	191	192	193	194	195
1	708	454	455	456	457	458	459	460	461
1	692	547	1659	1660	2282
1	607	793	794	2661	796	797	798	799	2868
1	560	1201	1202	1203	1204	536	537
1	616	2691	2166	2167
1	616	2543	2544	2893
1	537	2758	733	1080	253
1	696	1091	2621	2622	206	207	208
1	649	2004	2005	2006	2526
1	513	550	2455	2456	607	608	3104
1	706	129	130	131	1565	133	134
1	626	952	953	328	1236	2354
1	671	2950	2951	1922	1253	1130
1	662	1150	1151	1644	1645	2269	2270	2271
1	716	1957	1046	2885	2886	2887	2888
1	671	1482	153	1484
1	719	2475	2476	2477	674	675	676
1	616	1132	3064	3065
1	710	1350	1956	2689	505	506	507	508
1	698	1850	222	1366
1	666	1235	2940	2941	1008	1009	1010
1	714	1388	1389	1197	2968	2969
1	658	1626	1627	1628	2323	2324	2325	394
1	715	1512	1513	1281	2439	2440	2441
1	595	1488	1489	1252	2955	2956	2957
1	593	2990	2991	1911	154
1	521	2998	2999	1915	1916
1	679	1842	2162
1	679	2027	2149
1	679	2153	441
1	679	346	1211
1	506	408	409
1	498	2695	2546
1	617	2545	2696
1	618	484	2511
1	569	2512	2767
1	586	428	429	630	631	2853
1	650	1537	1538	1414	1415	1299	1300	1116	1117
1	652	1963	947	1965	511	512	513	514
1	631	2252	1392	1393	1751	1752	2717	2718
1	691	2614	2615	2616	2570	1514	1515	1572
1	672	1244	1245	1246	3003	3004	3005	3006
1	647	2559	2560	2561	2562	2188	2189	2190
1	718	1280	588	589	590	1149	1150	1151
1	720	2866	2867	298	299	300	2196	2197	2198
1	685	1995	1996	1630	1631	1026	3033	3034
1	496	1412	2834	7	8
1	715	3125	18	115	116	779	780
1	606	2926	2927	2143	2012
1	656	1024	1025	1632	1633	1634	1635
1	701	2933	474	475	555	1792	1793	1794
1	659	15	16	1429	1430	2306	2307
1	675	743	452	205
1	572	1069	1070	1071	22	23
1	682	1591	1221	1222	1851
1	682	1053	2643	276	1180
1	521	3120	3121	3122	1011	1012
1	694	2086	2087	894	2089	2090	2793
1	710	2802	2803	1315	632	633	634	635
1	680	2093	2094	715	716
1	710	2242	2243	1740	1741
1	710	1742	638	123	124	125	126
1	590	1556	1557	641	642	643	644
1	716	2730	2731	1165	1166	221
1	698	3062	3063	2702	2703	2704	2705
1	702	1264	977	978	979	2049	2050	2051	293
1	576	923	2715	2716	2059	2060
1	671	2617	2979	810	811	812
1	674	2951	2952	2953	2954	1131
1	541	3069	1269	294
1	714	1219	1220	1043	1044	1045
1	589	393	394	2566	2567	802	2387
1	586	2656	1750	2485
1	659	1731	1732	1733	1734	2800	2801	1551	1552	2804	2805	2806
1	687	1879	1880	2559	2560	1198	793	794	795	796
1	669	1310	1239	1240	1241	1242	1243	1244	2944	2945	2946	2947
1	614	2191	2192	2611	2720	2721	928	929
1	655	1304	1175	1176	1177	1178	422	423
1	690	1437	1438	1439	1616	1617
1	587	2036	2037	2038	915	916	2556	2557
1	693	2743	2744	275	2466	58	59
1	603	2042	2043	2044	2045	683	684
1	607	403	404	2579	2580	1643	2582	1153
1	552	2233	2234	2235	2236	2798	2799
1	702	2096	2097	2798	2238	2239	1736
1	710	717	718	2240	2241
1	702	3066	2963	2964	2965	2966	3070	2862
1	689	1350	1351	1352	149	150	151	152
1	689	1002	1003	2600	2412	2413	2414	2415
1	707	2264	2265	2266	1407	3087	3088	3089
1	599	1313	1314	1126	1127	1128	1873	1874	1875
1	427	2339	2340	2341	2342	1298	215
1	635	2221	214	147	148	1780	1781	1782	1783	1784
1	714	1758	1759	1760	1761	1762	1763	1764	1765	1766
1	537	1968	329	1601
1	703	1581	1582	3093	1584
1	717	3025	1889	1754	1755	578	3137
1	702	897	2347	2348	2349	2350	2351	2352	2353	1237	1238
1	707	1172	1173	1174	1305	1306	1307	2601	2602	2840	2841	332
1	685	903	904	905	906	907	908	1129	1254	1255
1	675	2948	2949	625	626	627	1871	1872
1	711	1867	671	2807	909	910	781	782
1	675	1345	1346	1347	1348	1776	360	2733	2017
1	716	375	112	113	114
1	593	1991	1885	1886	1887	1888	1753	1890
1	593	3037	1768	1639	1640	3086	1408
1	702	2663	2664	2665	2131
10	689	1117	2788	2789	663	1548
10	608	1154	1155	1156	1157	1158	1159
10	658	1102	1103	1104	1105	2338
10	356	1646	1647	1648	1649	1650
10	704	2108	2109	1386	1387
10	661	800	801	802	2387	2388	2389	2390
10	620	995	996	1119	1120	898
10	584	2849	2850	2851	2852	2853	2854	2855
10	676	1926	1927	2155	2156
10	681	1687	2029	2030	2031	2032	2033	430	431	2107	1925
10	711	3078	3079	3080	3081	3082	3083	3084	3085
10	631	2273	2274	2275	2276	2277	2278	2279	2280
10	632	446	447	448	449	450	451	744	745	746	747
10	717	82	2585	347	348	2631	2632
10	638	40	2007	464
10	711	602	603	3098	3099	993
10	679	2930	2931	2932
10	692	2587	2588	2522
10	677	1700	545	546	2519	2520
10	579	2653	2654	785	786	1447	1448
10	331	1902	2140
10	622	1846	1847	1848	1849	1225	1226
10	659	42	821	822	823	824
10	641	1013	1014	1068	117
10	690	1465	1286	1287	1288
10	693	2622	1833	1834	2135	2136	2137	2138
10	711	2530	759	760	2532	2455	2456	2457
10	686	1938	1939	1940	2518
10	654	543	1034	748	749	750	462	463
10	655	383	384	385	2113	439
10	688	854	855	2186	2187	2563
10	646	1702	1703	1704	1705	1706	1707
10	717	269	270	1853	1854	1855	1856	514	515	516
10	242	880	1653	1654	1655
10	636	2125	2126	2127	2128	1329	2821	2494
10	706	105	106	107	108	166	167	168
10	700	560	561	2651	2652
10	690	876	877	878	879
10	345	1338	1339	1340	1341
10	687	697	2592	2593
10	715	1325	128	645	2609
10	712	407	3089	2872	2873	2874
10	150	1912	1913
10	497	2981	2982	2983	2984
10	706	159	160	161	162	163	3119
10	610	619	620	1917	1918	1919
10	651	1485	1486	1487
10	707	2317	2318	1816	1817	1818	1819	3133	3134
10	720	371	558	559
10	716	479	480	2507
10	655	260	1583	1584	1585	1586	1587	2008
10	667	942	3040
10	705	1122	2606
10	672	2607	286
10	675	647	648	649	650	651	652	653	654
10	655	762	763	764	765	766
10	697	1839	1840	1841	1842	1843	1844
10	712	2163	2164	2165	2692	2502
10	656	2697	1384	1385
10	613	3031	1208	1698	1699
10	717	592	1035	2074	38	39
10	706	1904	1905	1906	1907	1908	1163
10	692	1233	1234	1971	2355	2356
10	641	2976	2977	2978	540	541	542
10	634	660	661	662	2088	895	896
10	500	666	667	668	669
10	655	2483	2484	1394
10	663	2888	2889	2503	2169
10	700	1876	1877	1878
1	697	3010	3011	3012	3013	3014	3015	3016	1495	1496
1	673	1976	1977	1978	2847	1434	2478	673
1	661	1254	1255	1256	1257	1258	1259	1618	1446	1135	567
1	719	982	1024	1087	983
1	720	1088	690	691	2068	1638	1032
1	706	1200	2255	576	3076	1631	1026
1	562	372	373	1681	1682	1683	15
1	632	2215	2160	2217	1474	1845	1846
1	718	3126	3127	1192	1193	1194	1195	1196	911	912	913	914
1	709	2299	418	2542	1796	1797	109	2300
1	654	2505	482	849	850
1	654	852	486	1078	1079
1	624	2184	2120	2121	2762	2763	2764
1	706	705	706	707	708	709	710
1	683	1236	2354	1972	1973	3123
1	689	585	586	587	1897	2869	655
1	720	471	2501	2693	370
1	714	3045	3046	3047	425	426	334	2945
1	545	1670	1671	1672	1050	2742
1	656	227	228	229	768	769	770	771
1	698	2554	2555	917	918	919	920	921	2967	572
1	687	54	3115	3116	3117	957	2469	2470	232
1	582	2080	2395	2082	701	702	703
1	702	2396	2083	704	2085
1	692	1279	1515	1516	651	652	1403	1404	1405	1406	1641	1642
1	711	225	226	839	1723	1724	1725	58	59
1	716	177	178	179	180	181	1814	1815
1	639	162	3118	770	771	772	1427	1428
10	483	1467	1468	1469	1470	1471
10	233	939	940	941
10	696	271	272	273	274	2745	2746	2747	2748	2749
10	707	2597	2598	1421	1422	2603	2604	2605
10	407	987	988	989
10	720	2937	2938	2939	277	278	279	280	281
10	720	1611	1612	1613	1491	1492	1493	1494	3017
10	587	412	413
10	710	3132	1820
10	501	2590	1343	1042
10	703	817	2679	2680	2681	2682	2683	2684	2685
10	505	2521	1037	1038	1039
10	706	2621	2622	1833	2921	2922	2923	1466
10	163	751	752
10	717	3109	3110	3111	3112	1793	557	616	617	618
10	532	1583	1584	1585	1586	1587	1588
10	675	2176	2177	2178
10	615	1185	1186	1187	1188	1189	1190	1191	3128
10	715	91	1297	2222	2344	2345	2346
10	699	865	866	867	868	869	870	139
10	653	695	696	2079	2336	2337	1106
10	700	2399	663	664	665
10	716	127	128	645	646
10	627	1579	1580
10	681	591	2205	1946	1947
10	459	3090	3091	3092	349
10	463	1651	1652	881	882
10	519	2981	2982	1530	1531
10	618	1215	1216	2528	2495
10	405	2392	2393
10	658	622	623	624	2477	2478	2479	2480	2481	2482
10	651	2428	2429	2430
10	698	2508	728	440	2042	2043
10	675	1582	3093	260	261	262	1709
10	705	210	3040
10	705	3041	1121
10	705	478	169	2175
10	720	1999	2000	2001	2002	2003
10	711	488	489	2330	2331
10	717	3039	3040
10	717	285	2608
10	480	2985	2986	2987	1909
1	678	1410	2726	2727	2728	2729	2831	2832
1	653	352	353	354	355	356	2220	1954
1	713	517	330	331	2842	424	1375
1	713	2571	2572	2573	2574	2575	2576	2577	2578	405
1	671	1865	1866	3007	3008	672	2808	2809
1	715	1463	1464	1831	1832	2623	2624	1943	1944
1	702	636	637	1555	1558
1	579	1349	2732	1479	1480	1481
1	718	1933	1934	1935	1936	2263
1	702	897	3042	3043	3044	2409	2410	2411	1238
1	482	1164	1777	1223	1224	1225
10	682	724	725	70	2509
10	682	1139	1140	1141	1142	1143
10	479	1532	1533	1409	2725	1411
10	385	1525	1526	1527	1528	1529
10	661	1376	1377	1378	2361	2362	2420	2421
10	606	2139	2876	2877
10	673	2645	2646	2647	2648	2649	2650	283	284
10	706	1041	1344	1345	1346	2218	2219
10	679	2144	145	146	217	218	219	220
10	643	1928	1929	1930	1931	1932	1933
10	644	687	1997	1998
10	719	79	2066	2067	692	693	694
10	583	2524	2525	2212
10	676	14	112	113	376	377	378	379	380
10	701	27	28	29	3035
10	710	1017	1018	1019	1020	972	730	3130	1023
10	707	75	76	77	78	862	863	864
10	632	2527	1217	1218	2827	2828	2829
10	629	552	553	554	476	477
10	694	264	265	266	267	268
10	621	223	224	2023
10	714	677	678	679	680	681	682
10	711	1589	1590	2215	2216	2161
10	704	591	2205	2206	2776	2777	2778
10	693	2364	2365	1987	1988	1989
10	310	2891	2892
10	655	600	3095	3096	409	410
10	685	2024	2025	2026	2027	2173	2174	378
10	697	944	945	946	1546	1547	664
10	648	1861	1862	1863	3052	3053	3054	3055	3056
10	572	2989	2690
1	692	2463	2464	2465	276	277	278	1729	1730
1	697	4	5	6	7	1167	1168	1169	1361	1362
1	661	1402	2267	2268	2581	1152	2444	1576
1	593	1592	1593	2786	1595	1596	1597	1598
10	675	1152	2583	2584	2073	2586
10	690	2445	2446	2447	2448	2449
10	645	2824	2825	1159	1160	1161
10	667	2020	2021	834	835	836	366	367	2890
10	681	2936	2146	2836	2837	2838	2839	1423	1424	1425
10	655	992	2014	2015	2016	2017	2018	2019
10	421	1549	1550	2237
10	677	533	1821	1822	1823	2919	2920	493
10	555	84	85	86	87
10	698	2209	1708	2211	41
10	665	2523	1100	2211	1214
10	695	1952	1953	1954	1955	361	362	994
10	613	465	2529	2159	2011	758
10	715	211	212	213	2343	1355	1356	1357	1358
10	712	442	443	444	255	1144
10	718	287	288	2657	2658	2659	2660	2661	2662
10	664	1769	1770	2634	2988
10	696	1342	2591	657	658	659
1	717	1285	1209	1210	1036
1	480	216	217	1594	2787	1359	1360	1170
1	672	2616	2437	1894	1895	1896	1400	1401
10	687	1767	812	813	814	501
10	703	2256	2257	2258	2194	2195	301	302	303	304
10	695	243	23	24	25	682	2044	2045
10	707	2594	2595	10	11
10	568	2533	1671	321	322	323	324
10	626	2210	2076	2077	2078
10	672	856	857	858	859	860	861
10	593	2150	2151	2152	2153	2040	2041
10	693	1910	508	509	510	1966	1967
1	689	1085	1086	3077	344	1089	1090
10	718	1	1295	3	92	93	94	3102	3103
10	714	551	2535	2536	2537	2538	2539	2540
10	685	231	170	171	776	777	778
10	613	469	470	471	472	473	2934	2022
10	678	1292	1293	1294	1108	1109	1110	1111	1112	1113
10	711	2486	2487	2488	2489	2490	2491	2822	2823
10	687	562	563	564	565	120	121	2245	2246
10	716	2818	2819	2820	1328	1566	2821	2822
10	674	1395	1396	3142	3143	3144	3145	3146	3147	3148	3149
1	683	1435	1436	1437	1923	1924	1492	2035
10	704	736	737	738	739	78	688	689
1	711	930	931	932	933	1399	3038	1639	1640
10	572	899	900	334	335	336	337	338	339	2148
10	658	2157	2610	2719	2612	2489	2492	2493
10	690	525	526	527	245	2909
10	717	305	306	307	308	309	310	311	1773
1	626	1770	1771	2635	1162
10	693	13	840	841	842

MyIndex	Index	StartTime	EndTime	StartStation	Endstation
5	1291	131	227	1014	2993
9	2779	167	273	1014	1823
55	263	354	442	2221	14
280	943	1077	1151	1175	1756
2593	2158	6812	6876	1175	1938
2916	2391	7793	7869	3243	3631
3012	1901	8328	8522	2759	3125
3044	1289	8595	8714	699	2759
3103	2394	9652	9726	3631	3243
3114	1290	9768	9962	2759	3125
3124	2633	9856	9886	4446	960
3142	2141	10035	10080	699	2759
3145	350	10040	10080	3631	3113
3148	2925	10062	10080	3152	1419
