Costs	Duraton	Task_1	Task_2	Task_3	Task_4	Task_5	Task_6	Task_7	Task_8	Task_9	Task_10
1	474	540	541	542	1825	1826
1	382	2121	566	567	568	569	570
1	389	467	468	469	470	471	472
1	466	473	2696	2697	2698
1	430	2609	2610	2611	1464
1	454	1509	1510	1797	1798	1799	1800
1	403	71	72	73	74	75	1087	1088
1	439	1415	445	446
1	360	1779	2212
1	462	1949	1950	1951	1952	860	1531
1	400	305	306	2126	2127
1	479	272	2315	2316
1	458	756	828	829	1050
1	465	1217	1218
1	435	970	971	972	973	974	975
1	374	199	200	201
1	421	1668	1669	1767
1	437	2430	655	656
1	379	1893	676	677
1	395	2139	1046	1047
1	400	754	585	586
1	466	1411	801	802	803	136
1	476	2719	2720	2721	1100	1101	1102
1	453	596	1884	1885	1886
1	431	505	1643	1644	1645	1646	1647
1	409	498	2641	2642	499
1	395	597	1124	500	598
1	409	1125	503	504	505
1	427	1575	2447	2654	1196	1197	1198
1	427	611	612	613	614	1606	1607	1208
1	544	2116	2117	2118	2119	2120	2121
1	610	2014	2015	2016	2017	2018	2019	2020	2021
1	558	981	982	2612	2613	985	986	1809
1	627	2022	2023	77	31	32	33
1	524	34	35	36	37	38	39	40	41	42
1	682	1085	1086	76	2192	2193	2194	2195	2196	2197	815	816	817	818
1	589	333	334	1958	1780
1	665	1781	1782	1783	290	291	292
1	695	293	1240	1241	382	2220
1	599	1343	1726	1727	1728	1729	1730	11	12
1	695	13	793	794	795	796	797	798
1	574	493	494	811	812	2303
1	598	101	102	1061	424	425
1	573	426	2159	1440	53	54	1827
1	598	339	340	341	1722	1723	1724	1725
1	655	1828	1829	1830	1831	2384
1	560	294	295	296	297
1	573	1182	1183	1184	2003	2004	2005	485
1	695	486	487	897	898	899
1	679	796	797	1896	1897	133	134	1165
1	705	18	19	803	804	64	1255	1256
1	561	2608	576	577	2464
1	715	2187	2188	2189	2190	2191	30	78
1	693	79	80	81	82	1981	1982
1	564	2467	1422	1423	1424
1	679	1421	2027	823	824
1	560	150	151	1094	1095
1	485	829	830	2208	2209	2416
1	685	2154	2155	2156	465	466	2157	2158
1	664	421	422	2157	2158
1	668	465	466	1823	1824
1	696	2111	2112	553	554	555	556
1	580	347	2385	2386	483	242	556
1	717	557	558	15	16
1	620	791	439	440	2231	2232	2233
1	717	1974	1975	1416	1417
1	566	65	66	67	68	69	70	2462	2463
1	715	903	904	2194	2195	2244	2245	2246
1	497	455	456	457	2205	2206	43	44
1	673	824	825	826	827	828	1096	1097
1	717	2524	831	2103	1427
1	514	2472	2473	2474	2475
1	671	1056	1057	2476	2477
1	507	1908	2202	2203
1	618	287	288	289	1784	1785	476	477
1	669	1784	1785	1786	1787	1788	1789	1068	1069
1	673	1070	1071	1072	1073	1074	1075	2221	2222	2223
1	589	1898	1899	64	1255
1	669	2196	2197	1906	1907	1908	623	624
1	717	2244	905	906	907	908	909	910
1	598	911	912	913	457	2205	2206	43	1325
1	668	2358	2359	2360	2361	2362	2363	2364	2365
1	677	2583	592	1959	1960
1	629	1384	56	2214	2215
1	616	1589	1590	1591	1592	1184	2003
1	699	2008	559	489
1	703	1965	1081
1	689	1514	1515	1017	1018	796	797	798	799
1	703	62	63
1	712	1967	1968	1969	1970	1971	1412	1413	1414
1	720	800	1412	1413	571	572
1	707	573	574	575	1167	1168	1169	28	29
1	536	1084	1085	1086	1087	1088	1089	1090
1	703	1812	2716
1	703	2715	1815
1	697	2717	2718	2719
1	696	2355	2356	1097	1098	1099	1100	1101
1	506	1777	593
1	602	1779	1961
1	626	1588	1792
1	496	59	2593
1	617	59	60
1	498	1966	1967	1968	1082
1	506	491	26
1	498	2712	1170
1	618	1171	990
1	617	1093	152
1	706	872	873	1681	1682	1683	641
1	500	640	875	2051	841	1685	1686
1	530	917	918	876	877	878	920
1	680	842	1686	1687	1688
1	500	848	849	927	928	1693	851
1	710	850	851	1735	1736
1	710	1743	2560	394	395	1524	1525	1526
1	676	1946	1947	1948	1700	1747	858
1	680	1699	1746	1948	2565	2566	1528	1701	1702
1	710	2568	1704	1705	1706
1	680	1954	2571	2572	1614	702	2573
1	687	359	1616	706	2252	2253
1	650	1581	1582	2258	1584
1	522	1680	2047	2048	1681	916	2049
1	612	879	880	845	846	924	925
1	522	881	848	926	1446	1447	1937
1	492	853	1739	1740	2557	2558	2559
1	702	1744	1745	1746	1948	2565	2566	2567	1529
1	702	1953	861	2569	2570
1	582	1614	1707	1955	2574	2575	2576
1	702	705	2145	2146	2147
1	702	2577	363	2255	47	48	49
1	503	1791	1792	1793	1794
1	672	1972	1973	1255	2503
1	521	136	137	977	978	979
1	672	1904	1905	2198	2199	2200	2201	1909
1	679	373	2588
1	513	481	482	2387	2168	2169	2170
1	715	2383	2384	298	299	300	2388
1	715	2602	1895	1896	1897	2124	2125
1	496	2290	2291	1027	1028	1201	1202
1	624	1601	1602	615	616	695
1	655	81	1042	1043	1044	1045	755
1	660	1258	1259	1260	2508	2509	2510	2511
1	629	149	2305	2306	2307	1213	1214	87
1	659	2166	2167	301	302	303	304	734	735
1	671	2343	2344	2128	2129	2402	2403	2404
1	653	2533	2534	1226	1227	1228	1229	1230	1231
1	713	1180	2376	1340	2431	2432	2433
1	663	1502	658	1347	1348
1	623	2492	122	123	1572	1573	181	182	183
1	684	680	681	682	683	684	1654	1655
1	690	212	213	955	2680	2681
1	688	671	672	673	674	2651	2446	2653	2654
1	700	1603	1604	1605	1606	1607	1036	1037
1	598	168	1930	1931	1932	1933
1	593	931	2544	2545	2546	1299	1300	1301	1302	1303	668
1	620	1361	1362	1363
1	701	1364	940	941	942	325	266	267	268	269	1762
1	615	1175	1176	1177
1	661	1565	1566	1567	1568	1569	1570	1571	124	667	668	669
1	695	1697	1698	1025
1	665	963	964	2553	2554	2555	2556	353	1453	1454	1455	1456	1025
1	615	192	193	194
1	615	947	948	949
1	509	993	374	375	376
1	629	341	114	115
1	661	2517	2518	2519	458	459	460
1	702	2183	2184	1848	1978	1204	1205
1	500	835	836	2107
1	634	2634	647	648	649	652	653	654
1	698	1389	1390	2433	381	1242	1243	1244
1	654	1503	1504	1006	1007	1008	1009	121	2493
1	613	1010	2284	2550
1	626	2494	2495	2285	2286	184
1	618	1013	735	736	737	738	739	740	741	742
1	702	1894	1022	1023	1024	1025	2063	2064	2452	1651
1	530	1650	2453	2454	2455	2067	2068	2069	2070
1	704	976	2072	2073	2074	2075	2076
1	711	1600	1461	2075	2076	2077	2078	2079
1	665	2091	2092	2093	2094	2095	2096	1048
1	662	1555	1556	1557	1340	1341
1	604	2549	1406	1407	1408
1	554	1307	1308	1309	603
1	671	1853	1854	1855	1856	1141
1	690	1121	1122	1123	1885	1886	1887	1888	1889	1890	1007	1008
1	607	2499	137	138	139	140	141
1	708	2660	2661	2664	2665	2666	513
1	632	1599	1261	1262
1	711	139	140	2667	2668	262	263
1	651	514	515	516	517	518	1854	1855
1	631	1263	145	146	1266	1267	2669	2670
1	575	264	265	1666	1667	1668
1	607	619	2134	2135	2136	2137	2138
1	676	147	327	328	1319	752	753
1	707	1275	1276	92	1865	1540	1541	1542
1	537	1186	1187	1188	1189	1190
1	660	2505	2667	747	748	749
1	537	620	621	622	1909	1910
1	672	1911	1768	1769	1770	633
1	717	1609	325	1039	1040	1041	1042	2308	2309
1	664	1648	1410	1130
1	612	255	509	510	685	686	687	688
1	720	510	685	686	687	688	689	690	691	692
1	720	2670	2671	2672	2673	2674	2675	2676
1	712	1317	1318	1319	752	332	2676
1	657	1312	1313	1263	1264	1853	1854
1	595	1857	1858	1859	954	759	956
1	690	2486	1989	1386	2429	2638	2639
1	573	1634	1635	1636	1637	1638	1639
1	628	2439	503	504	1126	1127	1128	600	601	602
1	573	256	257	258	259	260	261
1	589	1316	1317	1318	329	330	331	2093
1	705	914	915	2048	1681	916	1922	1923	958
1	388	2354	1816	1817	634
1	445	2154	464	465	466
1	415	492	2190	1903	516
1	462	358	1615	360	361
1	458	545	546	547	548
1	458	2236	2237	2238	73
1	466	1990	1991	1992	290	291
1	471	1132	1133	1134	1135	1136	747
1	654	1809	1810	819	820	821
1	620	1161	1162	1163	1164	22
1	631	23	24	25	1084
1	692	784	785	6
1	679	1381	1382	427	1826	1827
1	655	2390	2391	895	14	1251	797
1	684	1166	1976	1977	901
1	700	2465	2466	813	814	581
1	579	2133	906	907	908
1	674	1995	1996	1997	432	433
1	679	2351	2352	2518	2519	2520	2521	2522	2523
1	685	2503	980	981	982	983	984	985
1	684	625	626	627	628	629	630	631	632	2356	2357
1	616	57	58	2592
1	689	2216	2217	1724	1181	2220	1076
1	616	1900	1901	1083
1	602	447	1902	1903	516
1	616	1091	1092	1813
1	653	1816	2033	2034	2035	2036
1	569	61	1080
1	617	1079	2708
1	497	1083	2713
1	689	2714	1814
1	710	1527	2565	1747	858	859	1530
1	719	706	707	275	709	710
1	582	916	2049	1684	919
1	521	2225	2598	2599	128	129
1	679	387	1843
1	679	1470	1425
1	679	1426	2104
1	679	2105	1776
1	697	732	733	894	1839	1840
1	688	2650	2651	2652	2062	1026	1459	1460
1	712	696	697	2513	2514	2515
1	629	1014	1015	1016	1017	1018	1019	1020	1021
1	546	2459	2185	2341	2342	2343
1	682	2344	2345	198	148
1	611	2401	2130	2131	2512	81
1	720	1550	1551	1552	1483	719	720
1	656	1238	1239	2218	2219	1344	1345	1346	659
1	672	1304	1305	2601	2650	2445
1	675	674	675	743	744	678	679	2451
1	713	2655	2656	2657	606	607	608	609	398
1	688	1753	2346	2347	2404	2405	2406
1	705	1038	405	406	407	408	409
1	685	2407	2408	2409	2410	2411	2412	950	951
1	711	410	2312	2413	2414	2415	91	92
1	713	1561	1562	1563	1564
1	673	320	321	322	323	324	943	944	945	946
1	705	209	210	211	212	1049	1672	1277	1278	1279
1	629	344	430	431	434	298
1	629	1157	388	2333	900
1	509	2184	2185	2186	810
1	629	1052	2525	635	833
1	659	164	1290	229	1879
1	716	2077	2078	1314	2083	326
1	702	1670	88	89	1372
1	662	2681	2682	1919	1920	1676	1677	1678
1	563	1113	1114	1115	2629	2630	2631
1	671	652	1882	1295
1	616	1653	511	512
1	559	1542	1820	1679
1	692	1870	1871	1872	2693	2635	2636	2637
1	714	142	143	144	1264	1265
1	537	2500	2501	2502	2503	2504
1	720	2625	2626	2627	2628	1116	1117
1	521	1118	595	2641	2642
1	521	501	502	503	504
1	521	1129	1130	1596	1597
1	573	1268	1269	1270	1271	1272
1	559	1595	1596	1597	1133	1134	1135
1	435	2530	2531	104	105	106
1	659	822	2028	2029	2030	2031	2205
1	720	536	537	776	777	778	779	780	781	782	471
1	588	2388	2389	1250	559
1	561	14	2229	2230	17
1	706	2338	2339	2340	2186
1	603	2187	2397	2398	2399	2400	2129	2130	2131	2132
1	688	83	525	526	527	528	529
1	673	71	72	2239	2240	2241	2242	2243
1	710	1448	1938	1939	1940
1	700	1455	1456	2062	1198	1199	2561	2562	2563	2564
1	698	130	131	132	133	134	135
1	607	1672	1673	1674	1675	1918	2683	1282
1	641	1290	2488	2376	2377	231	2325
1	694	2689	2690	2691	2692	1714	1715	110	111
1	620	1232	1233	1234	1235	1236	1237
1	661	1861	1862	1863	1864	93	94	95	763
1	712	1873	1874	2322	2323	2378	2379	2380
1	718	2280	2281	2282	666	2287
1	713	2314	2315	757	1276	1277	1278	1279	1280
1	711	2066	2456	2069	2662	2663	1656	1657
1	682	1499	176	177	2540	2541	2542	2543
1	665	185	1409	969
1	667	2140	2141	2142	411	412	413	1369	1370	1371	1372
1	574	2498	605	1652
1	639	2310	2311	2143	2144	706	707	708	1537
1	652	1640	1641	1642	599	600	601	602
1	699	1136	693	694	2080	2081	2082	1315
1	410	702	703	704	362
1	479	2489	2490	2491	731	732	733
1	687	1255	1256	1257	2395	2396	2188	902
1	720	1184	1185	2595	1011	2597	2226	2227	2706	2707
1	654	2711	27	28	29
1	710	638	639	874	916	1922	2050
1	710	1737	350	351	352	1741	1742
1	698	2688	2689	1553	1554	227	2487	2425
1	661	1489	1490	1560	1496	1497	1498	1499	1500	1501
1	703	1156	1157	388	2392
1	691	2484	225	226	227	228	2636
1	669	1482	1483	1484	1485	1486	1716	1717	1718	1719
1	720	1184	1507	1508	2224	2225	2226	2227	2706	2707
1	642	1449	1450	1940	1941	1942	854
1	492	1738	351	352	1943	1944	1945
1	537	91	92	1539	2682	1281	2684
1	703	125	126	127	2443	2444
1	535	206	207	208	2313	1916	1917
1	683	1298	2547	2548	1405	2600
1	614	2632	2633	1291	650	651
1	573	2071	2506	2507
1	663	1608	1664	1665	521	522	203	204	205
10	539	2	3	4	5
10	702	1807	1808	1809	1810	1811	450	451
10	692	542	543	2160
10	700	785	786	787	788	789
10	690	2207	530	531	532
10	700	783	1000	1001	1002
10	718	335	336	377	378
10	686	1323	1324	1325	1326
10	709	1053	1054	1055
10	638	282	283	284
10	672	2106	837	838
10	651	2113	2114	2115
10	590	443	444
10	709	578	2614
10	511	2468	2469	2470
10	440	1434	1435	1436	1437	1438
10	688	483	484	2006	2007	1077	1078
10	716	988	989	1172
10	625	1822	423	994	995	996
10	659	1593	2440	2441	2442
10	532	590	1103	1104	1105	1106	1107
10	569	2594	2595	2596	2496
10	656	2709	1130	1131
10	656	448	750	751
10	707	2020	2021	2022	2023	2024	2025	1419	1420
10	705	2705	2228	2009
10	488	2620	2621	2622	2623
10	490	50	286
10	246	917	2052	2053
10	695	1703	862	863
10	704	2578	2579	2580	2581
10	530	1583	1584	1585	2259
10	706	1694	1695	1696	2058	2059
10	712	2589	2590	2591	1962
10	581	1788	1789	1790	1791	1963
10	655	1804	1805	1806
10	693	2010	2011	2012	2013
10	672	2727	2728	2729	2730	2731
10	672	2729	2730	2045	2046
10	683	1203	1204	1205	1206	1207
10	595	379	380	2434	2435	2436	2437	2438
10	539	1215	1216	496
10	687	1305	2551	2552	2553	2554	2555	2556	353	354	355
10	719	1195	2292	2293	1031	1032	1033
10	682	273	274	275	1537	1538	1539	1866	2317
10	703	764	765	766	767	768	2044
10	373	367	368	369	370
10	716	895	896	488	489	490
10	701	389	390	391	392	393	2294	2295
10	720	1519	1520	1521	1522	1523	396	397	610
10	558	1849	1850	1851	1852
10	608	2418	2419	2420
10	594	2210	1431	1432	1433
10	540	2369	2370	2371	2372
10	720	1262	514	515	516	1466	1467	1468	1469
10	651	214	215	216	217	218	219	220
10	610	187	188	189	399	400
10	462	1543	1544	1545	1546	1547
10	708	992	1542	1820	1821
10	654	2213	2214	1002	1003	1004	1005
10	586	1173	1174	1103	1104
10	655	401	402	1365
10	490	1357	1358	1359	1360	1658
10	651	1594	506	507
10	656	1311	746
10	701	2677	2678	2679	420
10	405	1144	1145
10	514	277	278	279	834
10	501	2647	2648	2649
10	584	1630	1631
10	673	727	2543	932	933	934	935
10	619	1986	1987	1988
10	651	1138	1139	1140
10	692	1396	1397	1398	1399	891	892	893
10	717	2054	960
10	668	857	2564	1748	1749
10	675	1354	1355	1356	1576	1577
10	666	864	865	866	867	868	869	870	871
10	672	959	1396
1	633	796	797	2334	2335	2606	2607
1	694	1998	1999	2000	2001	2002	2003	2004	2005	556
1	502	554	1795	1796	1511	1512	1513
1	706	921	922	923	1443	1444	1445
1	710	711	2148	49	2257
1	702	843	1689	1690	1691
1	682	1289	2373	2374	2635	1236
1	718	2603	2604	2605	2336	2337	2338	2127	307	308	309	310
1	675	174	2382	2326	2327	2328	2329	2279
1	586	1934	1935	1936	1691	1692	929	930
1	624	116	117	118	119	2646	733	894
1	651	1120	657	1245
1	698	1012	1306	186
1	658	723	724	1492	1493	1494	171	172	173	2381	175
1	714	395	2457	2458	308	309	310	311	312	313	314
1	599	2261	2262	2263	2264	646	721	722	1929	725
1	620	7	8	9	10	1731	243
1	670	1832	1346	1347	120	1248	732
1	714	2484	2485	2486	2424	2425	2426	2427	2428
1	657	2497	604	1649	2658	2659	745
1	680	2448	2449	2292	2293	1200	2454	2455	2456	190	191
1	689	1246	1297	1298	1403	1404
10	673	2526	2724	2367	2368
10	545	2106	1430	2477	2478
10	556	2175	2176	2177	2178	2179	2180	2181	2182
10	709	2234	2235
10	710	1418	2026
10	689	2247	2248	2249	2250	2251	2252
10	666	1428	2211
10	679	51	52	1441	1442
10	679	1587	594	1386	1387	1388
10	720	1632	1633	2640	2643	2644	2645
10	471	285	286
10	670	1254	1255	2503	2504	2505	2667	1137
10	682	549	550	1732	1733	1734	852
10	555	2685	2686	2687	2688
10	703	698	699	700	701	1956	1957
10	693	2165	1833	1834	1835	1836	1837	1838	1839
10	676	271	2516	495	1475
10	720	1372	1373	1374	760	761	762	96	97
10	548	1108	1109	1110	1111	1112	1869
10	243	98	99	100
10	671	1064	1065	1066	1067	478	479	480
10	621	1342	1343	383
10	707	1505	1506	555	243	244	245	246	247
10	193	1375	1376
10	690	1964	1514	1515	1158	1159	1160
10	331	1476	1219
10	331	2151	2152
10	348	1153	1154	1155
10	138	180	1574
10	469	2471	832	2417
10	692	508	1310	1598
10	638	2275	2276	2277	2278	2330	2331	2332	1249
10	628	1924	1925	1926	1927	1875	1876	1877	1337	113
10	717	957	958
10	487	1580	1581
10	669	2296	2297	2298	2299	2300	2301	2302
1	688	2099	2100	2101	2102	2365	2366
1	629	337	338	1718	1719	1720	1721	342	343
1	719	1912	1913	1914	1915	952	953	758
1	688	1750	1751	1752	1660	1754	941	2084	2085	2086	2087
1	711	315	316	317	318	319	320	321	1661	1662	1663
1	690	616	617	618	519	520
10	670	591	2584	2585	2586	2587	1381
10	701	83	84	1983	1984	1985
10	633	442	253	254
10	649	2041	2042	2043	769	770
10	712	991	1818	1819	2097	2098	2099	2100
10	660	1844	1845	1846	1847	2460	2461	2462
10	708	2108	2109	2158	1383
10	705	1057	1058	1059	1060
10	703	1391	1392	1393	1394	1395	2055
10	616	2450	2451	2065	2066	2561	2562	936	937
10	658	1147	1148	1149	1150	1226
10	528	461	636	637
10	720	2320	2321	1928	723	1337	1879	1880	1881
10	714	2393	2394	1462	1463	1464	1465
10	624	1773	1774	1775	1429
10	699	726	727	728	729	730	1349	1350	1351	1352	1353
10	716	839	840	1710	1711	1712
10	712	356	357	1708	1709
10	665	365	366	1626	1627	1628
10	706	428	2161	2162	2163	2164
10	675	1533	1534	1535	1536	414	415	416	417
10	720	961	962	670	965	966	967	968
1	655	660	661	662	663	664	665	666
1	702	1979	1980	1471	1472	1473	1474
1	675	564	565	2122	2123	20	21	2012
1	593	165	166	167	1491	169	2324	2325
1	682	885	886	887	888	889	890	1400	1401	1402	123	1572	1573
10	635	2204	2032	1771	1772
10	717	2170	2171	2172	2173	2174	441
10	686	2205	2206	43	44	45	46	2254	364
10	692	1384	1385	1386	1292	1293	1294	1883
10	572	153	154	155	2722	2723	2724	2725	2726
10	702	987	452	453	454	455
10	700	844	2539	178	179
10	704	1617	1618	1619	1368	1621	1622	1623	1624	1625	276
10	567	2148	2256	712	2149	2150
10	676	384	385	386	387	560	561	562	563
10	719	234	235	236	237	238	239	240	241
10	516	280	281	462	463
10	614	1377	1378	1379
10	660	2318	2319	107
10	493	248	249	250	251	252	1253
10	657	2624	2479	2480	160	161	162	163
10	717	497	2479	2480	223	224
10	678	1328	1329	1330	1331	1332	1333	1334	1335	2375
10	715	2056	2057	670	2288	2289	1841	1842	796	1252
1	701	429	345	346	2701	2702	2703	2704	550	551	552
1	669	1487	1488	230	1339	232	233
1	631	1177	644	645	1335	1336	1878	1558	1559
1	702	1296	1006	1007	1008	1247	2283
10	682	713	714	715	424
10	718	544	2110	2699	2700	2701	2702	788
10	691	1629	371	372	373	1062	1063
10	719	1439	1440	53	54	55	291	1119
10	629	2615	2616	2617	2618	2619
10	720	108	109	112	1338	2271	2272	2273	2274
10	681	587	588	589	2039	2040	2527	2528	2529
10	706	1868	1113	1114	1115	2629	2421	2422	2423
10	697	1209	1210	1211	1212	1213	1671
10	719	1273	1274	1859	1860	1372	418	419
10	643	1366	1367	1620	1621	1622	90	1051
10	632	2537	2538	847	882	883	884
10	664	790	791	792	1516	1517	1518
10	720	1891	1892	128	1191	1192	1193	1194
1	599	2060	2061	1457	1458	1029	1030	2294
1	596	2719	2720	2721	2037	2038	156
10	710	579	580	581	582	583	584
10	668	642	643	1178	1179	2694	2695	474	475	1993	1994
10	697	157	158	159	160	161	1988
10	661	2090	2091	2092	2093	1320	1321	1142
10	662	1283	1284	1285	1286	1287	1288
10	660	1220	1221	1222	1549	1550	1288	1379	1380
10	706	221	222	2481	2482	2483	1988
10	662	2088	2089	2090	2091	2092	2093	1320	1321	1322
10	689	1034	1035	1757	1758	1759
1	695	2304	2350	2351	2352	2353
10	509	539	997	998	999
10	608	772	773	774	533	534	535	775	538
10	541	1478	1867	1586	1778
10	688	348	349	1451	1452	855	856
10	712	1479	1480	715	716	717	718	1484	1485
10	652	1548	1223	1224	1225	2535	2536
10	664	2582	1480	1481	1482
10	654	2710	805	806	807	808	809
10	698	449	907	908	85	86
10	718	435	436	437	438	1801	1802	1803
1	678	1713	2265	2266	2267	2268	2269	2270	170	1495
1	634	1754	1755	1756	403	404	1666	202
10	705	102	103	2532	2533	2534	1151	1152
10	692	938	939	195	196	197	942	1610	1611	1612	1613
10	715	1532	1760	1761	1762	1763	1764	1765	1766	2140	2141
10	709	1659	1753	2346	2347	2348	2349
10	496	1578	1760	1761	270	523	524

MyIndex	Index	StartTime	EndTime	StartStation	Endstation
3	1327	131	227	1014	2993
7	2260	167	273	1014	1823
51	1	354	442	2221	14
2267	1579	6812	6876	1175	1938
2550	1143	7793	7869	3243	3631
2694	771	9652	9726	3631	3243
2699	1921	9682	9819	1014	2993
2702	1477	9768	9962	2759	3125
2727	2153	10035	10080	699	2759
2729	1146	10040	10080	3631	3113
