Costs	Duraton	Task_1	Task_2	Task_3	Task_4	Task_5	Task_6	Task_7	Task_8	Task_9	Task_10
1	440	3	4	1577	6
1	470	2108	487	5	1578
1	420	138	139	346	16
1	470	1417	1418	2138	2139	2140	2141
1	410	472	473	411	710
1	432	1576	658	659	660
1	372	4	1577	6	7
1	462	230	342	343	344	345	15
1	462	1582	1583	139	140	141	142
1	462	1936	1937	20	1939	1940	1941
1	432	694	1417	696	697
1	432	477	478	479	711
1	449	1514	1515	1806	1807	1744
1	465	1809	1810
1	363	953	954	155	845
1	479	1384	823	325
1	435	1548	1680	1309
1	461	1679	1451	1012
1	461	2297	2298	392
1	465	1549	1681	1682
1	472	418	43	1870
1	463	1083	363	364	365
1	379	2263	776	777
1	376	1989	51	52
1	470	671	672	502	503	1251	2057
1	449	1539	1540	286	287	1003	1120	1121	1122
1	423	1033	1906	1907	1908
1	454	1128	1129	2307	2308	2309	2310
1	445	2246	2247	2248	2249
1	363	2193	2194	2249
1	450	2394	2395	2396	58	59
1	448	1904	1905	1325	1326	1327
1	470	1328	117	118	119
1	394	983	984	985	986
1	454	825	826	1346	1347
1	456	831	2166	1171
1	440	376	421	422	1917	1918	1919
1	444	1920	1921	2397
1	440	2145	2146	2026	2027	2028	206	207	208
1	438	1063	445	446
1	423	1223	1224	1225	1916	2159	2160
1	477	1965	736	737	305
1	366	1222	1223	1224	1225	547	548
1	413	1187	1188	1189	1190	1191	1192	1193
1	395	1827	797	798	799
1	480	1177	1178	2288	2289	2290	2291	1539	1540	1541
1	480	1264	751	752	753	754	755	756
1	458	430	431	432	433
1	458	1320	1321	1322	1323
1	476	2033	2034	2035	1167	1168	1661
1	706	2104	2105	1575	1576	658	2109
1	710	488	489	337	338	339
1	710	2110	1578	9	10
1	620	9	10	11	137
1	496	1579	1580	1581	230
1	720	340	341	342	343	344	345
1	710	1581	12	342	1584	1585	1586
1	590	13	14	140	141	1587	143
1	556	1933	1934	1935	349
1	590	2386	70	1937	1938
1	694	69	70	1937	20	1413	1414
1	706	24	25	26	74	695	696
1	590	1602	1603	26	2135	2136	2137
1	710	697	698	699	358	462	463	464	465	970	467	468	469
1	706	405	406	407	471	707	410
1	650	705	408	707	410
1	500	476	477	478	479
1	582	1574	1	2	486
1	690	489	337	338	8	229
1	492	18	19	20	21	22	23
1	720	151	152	153	2129	2130	751	752	690	691	692	693
1	700	151	152	153	154	1462	1463	2131	2132	72	73
1	612	1416	26	2135	2136	27	75
1	702	76	77	78	79
1	702	270	271	475	599
1	552	274	275	276	277
1	661	1406	841	842	1454	1409	2359
1	526	834	2107	717	718
1	513	2168	904	174	175
1	702	158	855	2216	1806	1807	1808
1	500	170	171	993
1	694	2220	612	1439	1440	1441	1627	1628	1629
1	694	255	256	257	258	259	885	1269	1270	1271	1272	1273
1	587	1206	1207	1767	1768	1769	1209	1210
1	661	1208	1273	1274	1275	1276	1738	893	894	895	531
1	587	901	902	1809
1	631	721	722	723	98	99	383	384	1444
1	631	1202	1203	2016	1842	1843	1844	1845	1846
1	675	853	530	531	532	533	35
1	505	36	901	324
1	632	1538	2292	2293	1242	1243	1244	387	1004
1	594	1005	944	1547	395
1	571	2003	2004	2005	2006	2007
1	558	2356	1255	2062	842	843
1	671	1599	1600	745	1259	747	748	155	156
1	688	1763	1764	1765	254	255	1506	526
1	593	2254	888	889	890	891	1738	1739
1	632	2256	2257	2258	768	769	770	1382	1383
1	655	530	531	532	533	534	535	536	537	2335
1	537	1866	1867	1868	45	2279	2280
1	618	2344	2345	2346	2347	608	609	610	611	612
1	652	93	1236	998	999	1000
1	538	1670	1113	1114	1115	1116
1	643	1237	1238	1239	1240	2295
1	695	2002	1005	1006	1007
1	698	1595	1596	738	739	740	741	742
1	572	743	744	745	1259	1260	2413	2414	2415
1	587	688	689	690	252	522
1	683	2068	2069	2070	1501	1502
1	711	1503	1504	1505	1506	1081	1082	2077
1	595	2078	2079	1086
1	590	538	368	778
1	553	370	1042	780	1868	1869
1	538	2284	615	1821
1	643	1822	1239	1240	2295	2296
1	671	1115	1116	1117	794	795
1	574	1722	687	2068	2069	2070
1	616	2071	2072	807
1	634	539	369	2270	2369	2370
1	696	2088	2089	1525
1	568	1988	2269	2270	1954	1955
1	578	2343	87	88	89	90	91
1	490	2281	2282	2283	280
1	644	2285	2286	1180	1181	2000
1	704	2001	293	294	295	296	297
1	610	295	296	297	1678	1008	1009	1010	1011
1	666	298	1450	302	303	304
1	592	1597	1457	1021
1	546	1723	1500	524
1	696	959	523	2206	2207	2208
1	632	1502	1507	1508
1	678	2204	2205	2206	2207	808	2074	2075	2076
1	620	525	1732	762	763	764
1	546	1509	2078	1273	1274	1084	1085
1	575	765	766	2260	2261	2262
1	611	2080	2081	1691	1692	2329	2330	2331	2332	2333
1	691	1379	1380	976	977	818
1	523	2263	2264	2265	2266	2267	2268
1	620	2334	820	1218	1219	1220
1	692	819	820	1385	415	416	417	418
1	662	2092	2093	2096	2097	2098
1	711	2114	2115	941	101	1186	1187	1188	943	944
1	720	1118	1119	388	389	390	1187	1188	943	944	945	1546
1	609	945	946	2052	2053	2054	2055	2056	1641
1	677	2006	1009	1010	1011	1452	1453
1	664	954	955	956	957	958	959	960
1	673	2420	2421	1268	759	760	851
1	707	1271	1272	1273	1274	1275	1276	1277	1278	973	974	975
1	647	2255	2256	2257	2258	2259	2260	1087
1	608	1276	1277	1278	973	974	771	772	773	774
1	603	775	2335	2336
1	556	1385	1864	2271	2272	2273	2274	2275	1868
1	678	995	607	608	609	610	611	612	93	94
1	672	606	607	608	609	610	611	612	93	94
1	656	288	289	290	291	292	2299	944	945
1	652	1119	1120	1121	1543	1635
1	646	1593	1253	1254	1255	2062	1015	1016	1017
1	713	2063	2064	2065	2409	2410	2411	2412
1	661	1455	1456	241	242	243	244	245	246
1	685	1601	1259	747	748	955	1461	515	516	517	518	251
1	700	848	260	261	262	263	264	1736	1737
1	705	772	1091	82
1	685	1214	1215	1861	1862	2366	2367	2368	2271	2272
1	501	2273	1474	1475
1	615	1107	1108	1109
1	677	672	502	503	504	505	839	840
1	705	501	502	503	1251	2057	2058	2059	2060	2061	1256
1	615	1257	1258	1259
1	659	1407	1408	1409	1410	1411	1412	148	149	150	151	152	512
1	485	519	520	521	961	962	963	964	965
1	615	883	884	885
1	689	1281	1469	1950
1	606	1091	1092	1093	1094	1470	413	414	1386	1387
1	559	1471	1472	1473	1951	1952	1953	1043	1044	1045
1	654	1127	1128	1129	1833	1834	442	443	444
1	652	1819	1486	1487	59	60	726	727
1	669	59	60	181	182	183	184	63	64
1	632	438	439	2190	2191	2192
1	558	106	571	2195
1	604	2196	2197	456	1076
1	572	1072	1073	1074	1075	1076
1	684	1606	1607	1608	314	315	1609	1154
1	627	1157	1158	1159	319	160	161
1	698	1332	1333	1334	1335	591	592	593	594	595
1	593	162	163	164	165	1426	217	1521	1522
1	513	1882	1883	438	1127	1128	1129	1130
1	682	221	1053	173	1483
1	512	556	557	1748	1749	2170	2171
1	699	556	557	1054	426	427
1	713	2175	2176	2177	2178	2179	102
1	711	1835	1836	1837	1135	1066	1067	1068	1069
1	682	105	106	107	108	109	1840
1	712	2243	2244	2245	2311	2312	2313	2314
1	658	2124	1890	1891	1892	1893	1894
1	664	1895	2019
1	710	1841	2017	2018	1901	1902	1903
1	719	1027	1028	1029	1030	1150
1	658	457	1030	1031	1032	403
1	715	1151	1152	1565	1037
1	694	1160	1161	1162	1519	1520	1521	1342
1	675	1779	1780	1781	1782	1783
1	521	1617	1618	1619
1	645	1784	1785	1786	1787	1788	1789
1	597	1703	1704	1705	1348
1	525	550	551	552	553	554	555	173
1	598	330	331	904	174	2169
1	603	1532	1533	1534	1535	868	97
1	490	179	180	61	62	2176
1	484	724	725	61	62	2176
1	657	2180	2181	2182	2183	2184	2185	2382	2383	1884	2121	2122
1	702	102	1058	1059	732	2188	2189	440	1885	1886
1	590	1887	1888	1196	107	108	109
1	605	441	2243	2244	2245	2311	2312	1838	1839
1	695	1369	1370	1197	918	195	196
1	696	1369	1370	1371	1135	1136	1374
1	679	2123	2124	571	572	1374
1	716	1314	1315	1316	1317	1070	1071	2250
1	679	2010	2011	2012	2013	2014	2015	2016	1842	1843
1	639	197	198	632	633	634	635	636
1	586	2251	2252	1847
1	689	1848	1849	2322	2323	2324
1	573	1850	1851	1852	1853	1854
1	701	314	315	316	317	1855	1856	1857
1	705	1609	1610	1155	1156	1039
1	622	2325	2213	2214	2215
1	706	1855	529	1740	1741	159	897	898
1	564	318	319	2216	1742
1	679	1774	1775	590	122
1	560	856	857	1569	1570
1	688	897	898	1743	124	125
1	603	899	900	37	38	39	824
1	639	1571	1342	1343	1344	1345	827	828
1	485	825	826	167	168	373
1	687	969	1276	892	893	894	895	1041
1	679	1529	1750
1	679	861	1100
1	708	1146	1147	1148	1149	1150	116	117
1	719	1146	1147	1148	1149	1907	1908	2144
1	524	209	210	211	212	213	214	215	216	217
1	620	447	448	449	450	451	452	453	1896	1024	1025
1	692	1026	1142	1143	1144	1145	1146	1147
1	584	904	174	175	176
1	629	904	905	1482	2349
1	695	2350	2116	2117	2118
1	699	2117	2118	2119	2120	2121	2122	1885	2007	2008
1	629	327	545	2038	2039
1	488	730	731	2238
1	596	1872	1746	1747	558	559
1	686	907	908	1485	617
1	496	911	912	1059	732
1	703	625	626
1	689	1495	308
1	621	454	455	1901	203
1	600	1896	1897	1898	1899	1900	1901	578
1	616	309	310	311
1	654	923	400	581	582
1	616	1566	1567	1568
1	703	2147	2030
1	697	2031	2032	2033
1	640	2149	2150	2151	2152	2153	2154	2155	2034	2035
1	584	1700	2155	2034	2035	1167	1168	1169	1223
1	506	130	1874
1	497	1622	560
1	496	910	2404
1	626	2405	2406	307
1	617	194	1497
1	498	1496	919	920	921
1	506	922	204
1	618	311	579	580	925
1	617	1658	1659
1	665	1830	1831	1832	2240	914	915
1	620	1921	1922	1923	1924	2374	2375	2376
1	709	2377	2378	2379	2380	2381	2186	2187	2304	1060	1061	1062
1	632	2407	2408	1458	1022	1023
1	672	584	585	586	1330	1331	815
1	632	816	817	777	540	541
1	562	1223	1224	1225	547	548	2100
1	612	306	307	1498
1	645	2090	2091	1221
1	490	1928	1929
1	687	628	629	630	1898	576	577
1	585	333	334	335	2224	1110
1	679	1121	1246	2049	2050	2051	2052	2053
1	589	1991	1992	1993	1994	1995	1665
1	559	1646	2201	2202	1979	1980	1981
1	626	563	564	797	798
1	521	1975	1976	2201	2202
1	612	2199	2200	1647	1648	1649	1650	1651
1	712	2201	2202	2203	2204	1560	1561
1	675	809	810	811	2326
1	536	1562	1563	1564	1565	641
1	612	642	643	644	645	646	647	648	649	650
1	713	365	1693	1694	1695	1696	1697	1698
1	599	510	511	512	513	514	249	250	1265
1	596	2033	2034	2035	1167	1168	2156	2157	2158
1	647	1799	870	12	231	232	233	872
1	473	1445	1446	1447	1188	943
1	400	1079	1080	1732	852
1	373	527	1510	1511	1512
1	474	1867	2276	2277	1388	2095
1	459	1095	1096	1097	2337	2338
1	416	1366	2181	2182	435	436	2302
1	440	2020	2021	638	639
1	380	1775	1776	1777	1778
1	394	1351	1352	1353	1354
1	469	1790	992	2044	831
1	376	1920	1921	1922	1923	381
1	463	1150	1151	1152	1153
1	415	312	1851	583	1565
1	391	401	402	403	640
1	388	1339	2149	1781	1340	542	543
1	466	616	1486	1487	1488	2399
1	466	1023	630	631	199	200
1	471	1978	1979	1980	1981	1982	809
1	427	2358	746	1260	1261	1262	1263
1	427	757	849	850	1734	1735	462
1	423	1826	1827	1960	1961	1962	1963
1	463	1966	1967	1968	1969	1970
1	431	801	802	1971	1972	1973	1974
1	590	715	716	2106	1576
1	620	144	145	146	147
1	634	17	1936	21	22
1	650	480	481	482	483
1	642	347	348	1936	71
1	582	145	146	1936	350
1	492	706	707	708	709
1	522	706	707	80	474
1	492	481	482	483	484
1	490	1935	70	1937	2387
1	500	2390	408	409	2391
1	703	1195	1196	1758	2126
1	582	1803	1804	1848	459
1	702	1803	1804	1848	1376
1	679	158	855	2216	2217
1	680	2220	612	1439	1440	1626	1627
1	659	1448	675	676	677
1	642	1764	1765	1766	1206	1207
1	629	1311	1312	1313	1314	1315	1199	1200	1201
1	553	853	854	855	1040
1	641	997	1399	1400	1401	2230	2231
1	593	1536	664	665	666	2112	2113	2231
1	692	938	939	940	941	942	943	1006
1	715	1005	2300	2355
1	615	1436	1437	1438
1	590	613	614	281
1	573	238	2066	2410
1	662	44	45	46	47	48	49	50
1	634	393	394	299	300	301
1	616	978	979	980	1339	2149	2150	2151
1	719	1731	1732	1271	1378
1	715	819	820	821	822	416	41	42
1	708	789	790	791	792	793
1	684	956	2416	2417	2418	2419
1	647	2094	1389	1285	1046	1047
1	697	1636	1637	1638	1639	1640	2061	2062
1	633	236	237	1598	1599	1600
1	675	1018	1019	685	686	1459	1460	1461
1	505	1097	1098	1866	1867
1	663	491	492	1112	1537	1400	1241	1242
1	546	1246	1247	1248	1249
1	714	1250	504	505	506	507	841	1015
1	583	1228	1229	1230	1231	1232
1	712	2225	2226	2227	934	935	1179	937	385
1	711	286	287	1245	1634
1	673	966	967	968	969	970	971	972	1279	1280
1	594	1412	148	149	1415	1942
1	527	728	729	437
1	673	65	66	67	2301	1832
1	573	2311	2312	1372	1373	1070	1071
1	615	62	2176	1880	1881
1	685	553	172	556	557	1816	1817
1	672	1076	1077	458	1849	115
1	607	591	592	593	1615	1616
1	669	128	2036	2037	2038	1706
1	572	1351	2163	2164	2165
1	560	905	906	1623	1624
1	688	1530	1531	1625	177	178
1	669	1532	224	225	226	227	98	99
1	561	2351	2352	2353	2354
1	696	635	636	637	2319	2320	2321
1	713	1517	1518	1519	1520	166	825	826
1	485	825	371	372	373
1	718	2042	2043	830	1791	1792
1	679	1757	110
1	679	1101	2045
1	692	420	421	422	1917	377
1	705	865	866	867	1440
1	629	1889	1758	397	1375
1	714	2318	1904	1324	1906
1	677	1872	1873	907	908
1	506	1481	1814	1815	558	559
1	616	1303	1304	2237	732
1	674	204	924	1852	1035	1036
1	703	2029	2148
1	710	858	859	1517	1518	1163	1164
1	718	1700	2155	1165	1166	2036	1913	1914	1915
1	640	2034	1619	1620	988	989
1	618	1622	909
1	617	910	621
1	618	926	927
1	589	1794	905	906	1623
1	665	133	134	1488	2399	2400
1	695	2401	2402	1185	2235
1	632	1728	1729	1730	1563	1564
1	537	1724	1725	1726	1727	1728
1	537	812	813	814	815	816
1	490	1903	2022
1	675	2182	2183	436	2302	2303	2304	2305	2306	1130	1131	1132
1	717	1770	1771	1772	1773	1858	1859
1	662	533	534	535	536	322	323
1	711	2222	2223	336	337	338	2111	2292
1	657	2075	2076	2209	2210	2211	645
1	601	1992	1993	1994	1995	1665	1666
1	713	1992	1993	1994	1995	1996	1997
1	573	1713	1714	1715	1716	1717	1718
1	573	2082	2083	2084	2085	2086
1	586	1249	1590	875
1	647	1799	870	12	342	871	872
1	445	2239	2240	2241	2242	2243	2244
1	427	1542	1543	1544	1545	946	947	948
1	710	273	600	601	602
1	582	2135	2136	2137	28	29	30
1	688	846	1733	702	703
1	618	1001	1445	1630	391
1	715	92	1670	1113	1299	1300
1	703	1642	1643	239	240	743
1	634	95	1671	1672	1001	1002
1	712	2226	2227	2228	2229	1402	1403	386
1	718	673	674	1449	1013	1014
1	614	1252	1594	1453	1454
1	719	822	823	40	779	780	781	782	2278
1	633	2365	1863	1864	1865	1866	1867	2276
1	673	1334	1335	1336	1337	1338	981	1571	1572
1	674	1926	1927	1928	1056	1057
1	706	1363	1364	1365	1056	434	435	436	2302
1	720	1516	123	124	125	220	326
1	649	1305	1306	1307	1308	1681	623	624
1	689	990	991	992	2044	1102	1103
1	695	916	917	1198	398
1	465	2310	2311	2312	1137	1138	1139
1	496	953	954	247	248	752	1762
1	671	1020	1556	2067	2068	2069
1	690	1675	1676	1677	295	296	297
1	720	1381	1382	1088	1089	1090	1215	1216	1217
1	652	493	494	495	496	2112	2294	1118
1	702	786	1233	1111	663	2287	2288
1	649	336	490	1175	1176	1177	1178	936	283	284
1	702	758	759	357	358	886	887	466	971
1	663	700	701	887	362	766	767	768
1	660	787	788	96	1298	282	283	284	285
1	668	1523	1701	1702	987
1	586	1423	1424	1425	1426	1427	1428	1340	1341	1342
1	689	1878	1879	2116	2234	2235	2236
1	673	186	187	188	189	190	191	913
1	396	500	1591	1592	2057
1	720	698	699	1946	359	360	361	466	467	468	469	470
1	694	2220	2221	1234	1235	1236	1296	1629
1	618	1310	677	678	679	680	681	682	683	684
1	584	1295	1296	1297	1298	1673	1182
1	630	847	761	762	528	969
1	654	587	588	589	1420	1421	1422	591
1	706	1855	529	530	896	320	898
1	689	569	570	2125	2009	398	399
1	630	1494	1495	626	627
1	657	1293	1294	1398	1673	1674	1301
1	626	2327	2328	2329	2330	2331	651	652
1	665	1668	1669	998	1300	1823
1	684	189	190	191	733	734	735	736	737
1	685	1601	1259	747	748	749	750	751	517	518	251
1	710	1038	1039	2216	1742	1517
1	684	164	165	218	219	126	127	1784

MyIndex	Index	StartTime	EndTime	StartStation	Endstation
0	1049	103	170	1014	2997
2	1173	131	227	1014	2993
4	1432	140	189	1014	5100
6	1105	167	273	1014	1823
7	1356	175	213	4718	6263
9	2219	182	311	2759	699
10	1394	187	296	4718	877
11	329	192	239	6710	4513
12	1050	198	247	2997	3480
13	1433	205	233	5100	2997
14	1357	213	234	6263	4718
16	928	243	278	1014	1469
17	1434	248	297	2997	3480
18	1708	263	365	3113	3631
19	1051	265	327	3480	6710
21	86	272	352	1419	669
22	1106	273	360	1823	1014
24	929	278	366	1469	5498
29	1871	298	405	3911	1453
30	1526	299	307	6116	5379
32	1395	307	363	877	3113
35	1435	314	387	3480	669
36	1527	316	360	5379	5398
37	833	324	422	4475	3125
38	1052	327	393	6710	4513
40	603	339	416	1756	1175
43	1664	348	421	3243	3631
46	784	351	352	1938	2993
47	55	354	442	2221	14
49	2393	354	394	4630	6263
52	1480	372	435	3113	1453
53	2371	373	413	4630	6263
57	1358	386	420	4718	3012
58	930	389	445	5498	3125
60	1396	392	506	3113	830
66	1528	407	437	5398	6116
67	604	416	436	1175	1014
68	332	420	541	6849	5100
69	1359	420	434	3012	5078
70	222	424	485	4513	3870
72	1709	429	451	3631	6990
80	1290	466	512	5789	4185
83	931	478	668	3125	2759
86	994	483	561	1014	2997
87	605	490	567	1014	2997
92	1397	506	508	830	5789
100	131	548	728	1453	3139
109	423	596	636	4446	960
110	1360	600	615	5078	3012
113	424	636	694	960	5885
115	996	646	722	3480	1419
122	835	684	700	4621	1175
123	425	700	746	5885	7191
128	278	716	738	508	4185
130	132	728	876	3139	4196
138	1795	768	854	4513	6849
150	2372	812	844	6263	4718
154	2348	841	903	6710	4513
156	1710	845	864	6990	6844
159	785	852	954	2993	7331
160	1796	854	1026	6849	5498
162	1711	864	866	6844	3631
172	223	899	1043	3870	5915
176	279	921	967	4185	830
178	2046	930	946	4621	1175
192	1818	970	975	4377	4718
205	1712	1012	1086	3631	3243
207	1667	1030	1054	3631	6888
209	378	1037	1077	960	4446
210	1291	1037	1075	4185	3631
211	719	1045	1142	3125	4475
212	2047	1052	1116	1175	1938
216	1797	1058	1085	5498	4651
218	1292	1075	1116	3631	4185
220	836	1077	1151	1175	1756
227	932	1128	1322	2759	3125
233	720	1142	1184	4475	3152
234	1484	1142	1282	4377	1453
244	379	1161	1179	4446	4780
250	2172	1175	1233	4377	6804
253	1751	1180	1189	6116	5379
262	380	1205	1220	4780	960
270	1361	1227	1267	3012	4630
271	56	1231	1266	14	2221
272	1174	1234	1330	2993	7331
273	661	1236	1262	4621	1184
277	428	1252	1313	4377	4630
278	561	1252	1370	3139	3113
288	662	1282	1366	1184	2997
290	2373	1285	1412	4718	3251
296	1820	1309	1363	877	3113
300	933	1322	1329	3125	1014
314	57	1366	1509	2221	6296
325	1998	1400	1498	3631	3113
328	135	1406	1504	4718	2221
340	1956	1439	1501	508	5593
351	2398	1474	1561	4446	877
356	382	1497	1612	4446	4513
358	228	1500	1690	4513	3638
381	667	1603	1788	1014	6142
383	497	1607	1713	1014	1823
405	562	1703	1805	3113	3631
407	1957	1710	1736	5593	830
410	618	1715	1953	1453	6116
413	1925	1720	1778	960	4377
415	1824	1723	1776	6888	3243
417	1489	1736	1743	877	1075
418	1958	1736	1745	830	6990
420	1875	1738	1845	3911	1453
426	1752	1756	1800	5379	5398
427	1798	1760	1793	4651	5498
430	869	1764	1862	4475	3125
433	2173	1777	1780	6804	6949
434	837	1779	1856	1756	1175
437	668	1788	1813	6142	1722
438	1825	1788	1861	3243	3631
441	2174	1791	1854	6949	4377
443	136	1794	1882	2221	14
447	1753	1800	1829	5398	6116
452	429	1813	1961	4630	7191
454	1302	1821	2050	4185	1453
455	1362	1824	1880	4630	4377
456	1442	1824	1874	2759	6849
460	2048	1829	1891	1938	1175
461	1999	1832	1946	3113	830
474	1876	1858	1882	1453	997
476	100	1864	1925	4513	3870
479	1443	1874	1876	6849	1419
480	1877	1882	1911	997	1453
486	1959	1901	1921	6990	3631
488	1490	1905	1942	1075	997
490	1183	1906	1952	5789	4185
492	1404	1915	2099	1014	2744
493	669	1916	1939	1722	6142
494	1800	1918	2108	3125	2759
503	1184	1952	2129	4185	4196
504	619	1953	2015	6116	3139
533	185	2082	2188	4718	877
535	2232	2086	2146	1419	2759
536	1055	2088	2170	7191	4377
539	2403	2097	2144	4196	1453
550	2233	2146	2196	2759	6849
575	1631	2239	2357	5915	5773
580	565	2255	2278	3631	6990
582	1123	2268	2349	1014	2221
585	620	2272	2451	3139	1453
588	566	2278	2483	6990	1453
600	796	2317	2326	830	3631
613	1124	2349	2384	2221	14
615	1632	2357	2411	5773	7073
638	670	2424	2626	6142	7331
647	1828	2470	2494	3631	6888
656	1930	2484	2638	1075	4377
657	234	2485	2582	3125	4475
658	838	2492	2556	1175	1938
659	1829	2494	2593	6888	4196
663	873	2498	2525	5498	4651
664	1491	2498	2522	997	1453
668	567	2503	2621	1453	3911
678	498	2554	2646	1823	1184
680	1633	2556	2567	7073	7331
702	103	2615	2673	4377	6804
720	1125	2671	2706	14	2221
724	499	2687	2700	1184	7331
726	622	2692	2810	3139	3113
727	1931	2692	2753	4377	4630
750	1588	2766	2792	4621	1184
765	1126	2806	2949	2221	6296
771	1589	2829	2844	1184	7331
778	1964	2840	2938	3631	3113
782	1194	2845	2954	5915	2759
783	2384	2846	2944	4718	2221
791	874	2879	2917	4651	1014
792	1932	2879	2944	4630	3638
802	396	2923	2925	1419	6849
807	2385	2944	2945	2221	3638
854	192	3155	3393	1453	6116
856	235	3164	3209	4475	2997
860	568	3178	3285	3911	1453
861	1754	3179	3187	6116	5379
869	1755	3196	3240	5379	5398
870	949	3200	3233	4651	5498
872	1719	3204	3296	3243	3631
873	1492	3207	3328	7181	1075
875	1367	3217	3221	6804	6949
877	1405	3219	3296	1756	1175
879	1368	3221	3275	6949	4513
880	1550	3221	3261	5789	4185
885	876	3228	3253	6142	1722
893	800	3238	3308	508	3631
895	1133	3243	3343	4780	7191
898	68	3253	3318	4630	3638
900	1551	3261	3283	4185	508
903	104	3265	3325	6804	4377
905	950	3269	3325	5498	3125
916	1756	3287	3317	5398	6116
920	1720	3299	3328	3631	4185
922	2357	3302	3338	1014	6900
932	1064	3331	3365	6296	5885
940	1493	3345	3382	1075	997
941	508	3355	3539	1014	2744
942	877	3356	3379	1722	6142
943	951	3358	3548	3125	2759
953	878	3379	3487	6142	2993
957	1683	3386	3504	830	3243
965	193	3410	3456	6116	3139
979	1644	3439	3520	830	6617
998	1134	3528	3610	7191	4377
1001	509	3539	3585	2744	1823
1011	1065	3580	3626	5885	7191
1030	1645	3642	3687	6617	5624
1038	952	3661	3705	2759	1419
1062	803	3729	3767	3631	6888
1063	879	3732	3834	2993	7331
1068	1684	3752	3764	3243	1480
1071	1685	3764	3786	1480	1197
1092	351	3816	3832	4621	1175
1097	573	3830	3912	4377	7191
1104	1552	3852	3909	508	3631
1108	352	3868	3941	1175	1756
1113	1801	3879	3929	2759	6849
1120	1553	3910	3934	3631	6888
1133	2388	3925	4022	3125	4475
1136	1554	3934	4006	6888	3243
1140	1759	3938	3990	6849	2759
1148	2360	3957	4031	1175	1756
1159	574	4008	4083	7191	7181
1161	2127	4008	4202	2759	3125
1162	1555	4009	4130	3243	830
1174	1721	4044	4097	4185	830
1180	1802	4058	4110	6849	2759
1194	1140	4107	4147	3012	4630
1195	804	4117	4176	6888	3243
1200	1318	4132	4193	4377	4630
1211	2315	4175	4233	4377	6804
1219	2128	4202	4214	3125	1184
1230	844	4235	4325	1419	3480
1234	1760	4260	4312	2759	1419
1248	1204	4285	4394	5915	2759
1271	1761	4395	4474	1419	3480
1280	2198	4420	4557	1453	3631
1289	1464	4483	4668	1014	6142
1313	1266	4593	4639	1823	2744
1319	1499	4618	4666	3911	3113
1320	111	4619	4627	6116	5379
1321	1557	4624	4666	5789	2949
1325	112	4636	4680	5379	5398
1328	880	4640	4668	4651	5498
1330	805	4644	4736	3243	3631
1332	575	4647	4651	7181	4446
1335	353	4659	4736	1756	1175
1338	1558	4666	4680	2949	2925
1340	1465	4668	4693	6142	1722
1346	1943	4674	4762	2221	14
1350	113	4680	4709	5398	6116
1351	201	4683	4757	3113	1075
1354	1319	4693	4841	4630	7191
1356	1141	4704	4760	4630	4377
1357	2316	4705	4745	6804	2262
1358	881	4709	4765	5498	3125
1359	2133	4709	4771	1938	1175
1364	253	4720	4759	3480	3152
1365	1977	4723	4788	3631	508
1367	354	4736	4752	1175	4621
1370	806	4739	4768	3631	4185
1378	1944	4762	4808	14	2993
1379	882	4765	4772	3125	1014
1380	2134	4771	4787	1175	4621
1386	202	4785	4822	1075	997
1389	1466	4796	4819	1722	6142
1395	114	4821	5079	6116	4513
1399	2317	4826	4855	2262	4238
1408	1604	4855	4959	3638	6263
1425	1686	4926	4957	1197	3243
1427	1078	4952	5045	4513	3152
1429	157	4966	5026	1419	2759
1434	1687	4996	5028	3243	1197
1437	1205	5008	5129	2759	699
1442	1688	5028	5060	1197	3243
1464	2422	5121	5193	7331	5498
1466	1605	5132	5164	6263	4718
1472	1267	5154	5291	2744	7331
1483	1689	5192	5204	3243	1480
1497	1690	5246	5258	1480	3243
1498	355	5250	5275	4621	3125
1499	1559	5255	5330	2925	996
1507	356	5275	5327	3125	5100
1525	2023	5314	5448	1075	3139
1528	1805	5328	5414	4513	6849
1530	1652	5332	5406	3631	3243
1531	1983	5350	5374	3631	6888
1533	313	5353	5439	4196	4513
1536	2073	5357	5395	4185	3631
1544	2423	5378	5405	5498	4651
1550	1653	5406	5601	3243	6116
1555	460	5448	5642	2759	3125
1569	2253	5474	5526	3152	1419
1593	1034	5536	5566	4446	960
1601	1945	5554	5650	2993	7331
1602	1984	5557	5616	6888	3243
1606	404	5572	5633	4377	4630
1607	2024	5572	5690	3139	3113
1631	2142	5635	5636	3638	2221
1632	461	5642	5649	3125	1014
1638	1377	5656	5790	2759	699
1649	2143	5686	5829	2221	6296
1697	704	5867	6092	1419	3638
1703	2212	5912	6036	5789	3113
1707	1947	5927	6033	1014	1823
1725	265	6003	6038	1014	1469
1728	1611	6018	6159	4718	2354
1736	266	6038	6115	1469	1938
1743	2025	6058	6165	3911	1453
1744	1654	6059	6067	6116	5379
1747	1655	6067	6105	5379	5398
1751	2424	6080	6108	4651	5498
1754	1985	6084	6176	3243	3631
1755	2389	6084	6182	4475	3125
1757	1909	6087	6208	7181	1075
1761	2361	6099	6176	1756	1175
1765	205	6102	6291	3139	1453
1768	31	6111	6180	1938	1175
1778	1419	6133	6281	4630	7191
1779	1467	6134	6160	6142	1722
1784	1329	6145	6185	6804	2262
1785	267	6149	6211	1938	1175
1786	2425	6149	6205	5498	3125
1791	1612	6159	6227	2354	6235
1795	1656	6167	6197	5398	6116
1803	1986	6179	6208	3631	4185
1804	32	6180	6201	1175	3125
1812	1657	6197	6259	6116	3139
1823	1910	6225	6262	1075	997
1824	366	6226	6272	5789	4185
1827	1468	6236	6259	1722	6142
1828	33	6238	6428	3125	2759
1830	1613	6242	6308	6235	2354
1846	1211	6291	6331	699	5287
1847	1911	6292	6322	997	1453
1858	1212	6331	6570	5287	2744
1874	1513	6406	6466	1419	2759
1884	34	6448	6569	2759	699
1907	2426	6532	6565	3125	6563
1910	120	6538	6651	4377	5818
1917	1860	6559	6682	5915	5100
1927	1213	6594	6731	2744	7331
1932	2427	6604	6637	6563	3125
1942	2428	6652	6687	3125	6563
1947	321	6659	6803	3870	5915
1949	121	6665	6783	5818	4377
1954	860	6679	6940	4513	6116
1959	1614	6690	6802	2354	4238
1973	2429	6724	6757	6563	3125
1979	2392	6738	6796	3125	5498
1984	268	6752	6816	1175	1938
1992	653	6790	6814	3631	6888
2002	2430	6805	6902	3125	4475
2004	2362	6812	6876	1175	1938
2005	269	6816	6895	1938	4621
2008	1912	6823	6941	1453	3911
2018	1948	6874	6966	1823	1184
2020	2363	6876	6949	1938	750
2028	2218	6888	7082	2759	3125
2029	2087	6889	7010	3243	830
2043	367	6924	6977	4185	830
2052	81	6955	6956	3638	2221
2054	1282	6962	7147	6142	7331
2059	412	6966	6987	4621	1014
2064	2364	6981	7020	750	7331
2065	1987	6986	7038	4185	830
2067	654	6997	7069	6888	3243
2070	1949	7007	7020	1184	7331
2100	1745	7096	7230	2759	699
2113	83	7126	7131	7331	3125
2118	1283	7147	7197	7331	6563
2127	596	7166	7264	4718	2221
2160	1429	7300	7437	1453	3631
2162	1699	7310	7444	3631	1453
2168	2339	7346	7351	7331	3125
2173	597	7378	7407	2221	86
2181	598	7407	7442	86	3638
2193	1573	7458	7599	4718	2354
2205	1524	7507	7563	877	3113
2219	982	7585	7638	6804	4377
2229	544	7633	7719	4196	4513
2230	903	7636	7694	2759	4778
2239	1660	7670	7851	3139	1453
2240	84	7678	7868	3125	2759
2243	272	7700	7734	14	3638
2263	655	7793	7869	3243	3631
2267	419	7819	7861	5789	4185
2268	328	7825	7892	4513	3870
2275	546	7857	7904	4196	1453
2282	85	7888	8009	2759	699
2287	1476	7917	7922	7331	3125
2289	1621	7924	8015	4718	2354
2291	1284	7943	8032	6563	7331
2293	829	7968	8054	4513	6849
2300	1390	8001	8005	7331	4888
2301	1099	8025	8111	6849	4513
2306	1170	8063	8153	877	4446
2320	2340	8158	8313	3125	6849
2323	1990	8208	8300	669	1419
2333	712	8286	8297	4621	1070
2334	169	8319	8348	6849	2759
2335	1349	8327	8353	4377	6263
2336	549	8343	8507	3113	830
2339	129	8348	8530	1453	3139
2341	374	8361	8463	4513	4377
2343	2099	8418	8529	5789	3113
2345	1286	8445	8533	1014	2997
2349	713	8474	8500	1070	4010
2350	375	8495	8553	4377	6804
2351	1048	8529	8608	3480	1419
2353	1287	8542	8587	2997	3480
2354	2040	8544	8581	6849	3959
2355	2161	8593	8685	877	4446
2356	1288	8596	8670	3480	669
2357	2041	8597	8657	3959	4513
2358	1430	8600	8698	3631	3113
2359	1289	8673	8818	669	830
2360	2162	8685	8774	4446	7191
2361	1226	8740	8877	1453	3631
2362	656	8750	8884	3631	1453
2363	1431	8903	9005	3113	3631
2365	714	8979	9049	4010	6563
2367	1350	9046	9070	6263	4377
2370	1477	9118	9308	3125	2759
2373	1662	9185	9291	3911	1453
2376	862	9199	9287	4513	4377
2379	863	9287	9292	4377	4718
2384	1663	9308	9414	1453	3911
2385	1478	9328	9449	2759	699
2392	657	9548	9654	1453	3911
2401	783	9682	9819	1014	2993
2404	1811	9768	9962	2759	3125
2405	832	9772	9833	4377	4630
2406	2101	9772	9937	877	4238
2408	864	9813	9837	4718	3012
2409	1391	9816	9904	4888	2997
2410	485	9834	9895	4621	3638
2411	1793	9843	9860	4513	927
2412	2167	9856	9886	4446	960
2413	53	9887	10036	5789	669
2414	1707	9892	9953	4377	4630
2415	1392	9915	9965	2997	3480
2417	1355	9935	9993	4377	6804
2418	2102	9937	9939	4238	4718
2419	1812	9962	9969	3125	1014
2420	1393	9975	10059	3480	699
2421	2341	9984	10021	6849	3959
2422	1104	9990	10059	1453	960
2423	2103	10011	10080	4718	4513
2424	1813	10014	10058	1014	6900
2425	1172	10022	10080	4513	1419
2426	1479	10035	10080	699	2759
2427	2342	10037	10080	3959	4513
2428	1227	10040	10080	3631	3113
2429	54	10043	10080	669	1419
