Costs	Duraton	Task_1	Task_2	Task_3	Task_4	Task_5	Task_6	Task_7	Task_8	Task_9	Task_10
1	372	4	1577	6	7
1	462	18	19	20	1413	1414	1415
1	462	694	1417	1418	2138	2139	2140
1	462	469	470	408	409
1	462	706	707	473	411
1	415	1447	1188	1189	1448
1	440	36	37	38	39
1	448	997	1296	723	98	99	383	384
1	407	385	386	387	1004
1	373	527	1510	1511	1512
1	424	1507	2076	1509
1	418	614	1669	998
1	461	2297	2298	392
1	400	741	742	685
1	465	1220	2153	1525
1	454	2091	43	1870
1	478	2281	2282	2283	2284
1	463	189	1307	1011
1	437	1012	238	239
1	473	738	739	740	2409
1	379	240	1020	1021
1	416	2204	2205	2206	2207	2208
1	400	525	1081	1082
1	463	1083	363	364	365
1	379	2263	776	777
1	464	945	946	2052	1591	1592	1593
1	472	1252	1594	1013	1014
1	452	1233	1234	1235	494	495	496
1	366	2257	2258	2259	1381	771	772
1	454	1128	1129	2307	2308	2309	2310
1	445	2246	2247	2248	2249
1	403	1606	1607	1323	1324	1906	1907
1	440	556	557	1816	1817
1	469	1841	2017	2018	456
1	448	1904	1905	1325	1326	1327
1	470	1328	117	118	119
1	446	1779	1780	1781	1340	1341	1342
1	455	1369	1370	1197	1198
1	452	1855	529	530	896
1	418	126	127	1345	827	828
1	454	825	826	1346	1347
1	440	376	421	422	1917	1918	1919
1	440	2145	2146	2026	2027	2028	206	207	208
1	456	1610	1155	1156	586	1330
1	463	1303	1304
1	430	2188	2189	2190	624
1	474	919	920	627	628	454	455
1	391	401	402	403	640
1	463	2147	1568
1	387	2156	2157	1914	1225	547	989
1	427	2358	746	1260	1261	1262	1263
1	480	1264	751	752	753	754	755	756
1	427	757	758	759	760	1734	1735	462
1	463	1966	1967	1968	1969	1970
1	431	801	802	1971	1972	1973	1974
1	590	715	716	1575	1576
1	560	658	659	5	489	337	338	8
1	530	9	10	11	230
1	586	1579	1580	1581	137
1	590	229	341	342	343
1	500	342	343	344	345	346	16
1	590	13	14	140	141	1587	143
1	496	1933	1934	1935	1936
1	556	24	25	26	74
1	590	1602	1603	26	2135	2136	2137
1	526	405	406	407	471
1	522	1574	1	2	3
1	582	339	340	12	13
1	492	18	19	20	21	22	23
1	552	1416	26	2135	1417
1	582	408	409	410	474
1	538	2015	2016	1842	1843	1844	1845	1763
1	588	609	610	611	1533	1534	1535	868
1	506	2115	941	101	1186	1187	1188	943
1	507	1449	1310	1311	1312
1	523	677	678	679	680	681	682	683	1200	1201
1	594	1005	944	1547	395
1	571	2003	2004	2005	2006	2007
1	571	1384	823	824	825	371
1	537	1866	1867	1868	45	2279	2280
1	576	1399	1538	2292	2293	2294	2295
1	550	1117	1118	1119	388	389	390	391
1	494	1450	1451	1452
1	572	743	744	745	1259	1260	2413	2414	2415
1	587	688	689	690	252	522
1	573	523	1730	1731
1	595	2078	2079	1086
1	505	1380	1381	1382	1088	774	775
1	553	370	1042	780	1868	1869
1	508	417	418	2092
1	507	2093	2094	49	50
1	528	1300	1675	1676
1	522	393	1678	1008	1009	1010
1	531	818	819	820	1218	1219
1	507	539	540	541	542	2090
1	527	92	93	1236	1237	1238
1	535	281	1181	2000
1	578	1000	2296	1677
1	555	687	2068	2069	2070	2071
1	529	2077	2078	1273	1274	1084	1085
1	588	1379	2261	2331	2332	2333
1	560	2056	2057	2058	2059	2060	236	237	1453
1	537	956	957	958	959	960
1	524	762	763	764	765	766
1	594	1601	1259	747	748	749	750	751	752	753
1	554	244	245	246	515	516	517	518	251
1	542	361	362	766	767	768	769	770
1	546	1246	1247	1248	1249
1	599	1016	1411	1412	148	149	150	151	152
1	597	260	261	262	263	264	464	465	970	467
1	583	1228	1229	1230	1231	1232
1	486	934	935	936	937	385
1	488	1544	1545	1546	1637	1638
1	495	2053	2054	2055	1253	1254
1	485	519	520	521	961	962	963	964	965
1	569	891	892	2260	1087	1088	1089	1090
1	586	181	182	183	184	63	64
1	496	65	66	433	434	435	2381	2382	2383
1	558	106	571	2195
1	572	1072	1073	1074	1075	1076
1	534	1908	2144	118	119	1038
1	593	162	163	164	165	1426	217	1521	1522
1	513	1882	1883	438	1127	1128	1129	1130
1	512	556	557	1748	1749	2170	2171
1	573	1363	2116	2234	102
1	538	1841	2017	2018	2019
1	573	457	458	1849	115
1	586	1423	1424	1425	1426	1427	1428	1340	1341	1342
1	567	983	1704	1705	1706
1	525	550	551	552	553	554	555	173
1	490	179	180	61	62	2176
1	573	102	1058	1059	732	2188	2189	440
1	523	2121	2122	1885	2007	676	1313
1	590	1887	1888	1196	107	108	109
1	592	2010	2011	2012	2013	2014	2015	2016
1	552	1316	1317	1070	1071	2250
1	523	1842	1843	1844	1845	1846	1847
1	577	1771	1772	1773	1774	319
1	545	318	319	897	898
1	560	856	857	1569	1570
1	566	167	168	327	545	2038
1	560	1856	1857	1040	1041
1	575	1920	1921	1922	1923	1924	2374	2375
1	575	1892	1893	1894	1895	1896	1024
1	524	209	210	211	212	213	214	215	216	217
1	577	218	219	126	127	1784	1785	1786
1	584	904	174	175	176
1	488	730	731	2238
1	541	814	1332	1333	1334	1335	591	592
1	596	1872	1746	1747	558	559
1	506	1481	1814	1815	558	559
1	496	911	912	1059	732
1	569	1495	626
1	502	1896	1024	1025	1026	1027
1	600	1896	1897	1898	1899	1900	1901	578
1	583	923	924
1	558	1340	1341	1342	1343	1344	128
1	506	130	1874
1	496	910	2404
1	498	1496	919	920	921
1	496	1658	927
1	575	2215	320	898	1338
1	519	2379	2380	2381	2186	2187	2304	1060	1061	1062
1	590	542	2154	2155	2034	2035	1167	1168	1169
1	537	623	2191	2192	2246	2407
1	491	2408	1458	1022
1	537	1724	1725	1726	1727	1728
1	500	612	613	1294	1295	1296
1	556	357	358	886	887	888	889	890	2257
1	589	1991	1992	1993	1994	1995	1665
1	521	1975	1976	2201	2202
1	573	1713	1714	1715	1716	1717	1718
1	470	2108	487	488	1578
1	410	472	708	709	710
1	462	1582	1583	1584	1585	1586	142
1	372	147	71	1940	1941
1	465	1809	1810
1	400	1079	1080	1732	852
1	363	953	954	247	845
1	435	1548	1549	1309
1	414	2088	2089	2090
1	425	2001	795	188
1	376	1989	51	52
1	479	1277	1278	1279	1280	773
1	440	2020	2021	638	639
1	380	1775	1776	1777	1778
1	438	1625	177	178	98	99
1	382	447	448	449	450	451	452	453	454
1	445	2239	2240	2241	2242	2243	2244
1	360	2405	1495
1	477	1965	736	737	305
1	466	1023	630	631	199	200
1	429	533	534	535	536	322	901
1	471	564	797	798	799
1	427	335	336	490	1175	1176
1	423	1826	1827	1960	1961	1962	1963
1	421	1647	1648	1649	1650	1651
1	425	1979	1980	1981	1982	809	810
1	458	430	431	432	433
1	458	1320	1321	1322	1323
1	528	2104	2105	2106	2107
1	590	144	145	146	349
1	590	2386	70	1937	1938
1	492	78	79	408	409
1	552	477	478	600	601
1	552	274	275	276	277
1	501	2050	2051	1250	504	505
1	582	1803	1804	1848	459
1	582	158	855	2216	1806
1	500	170	171	993
1	599	1445	1446	1447	1190	1191
1	588	93	1236	1237	1822	1239
1	538	1670	1113	1114	1115	1116
1	598	1240	1241	1242	1243	1244	291	292
1	499	2070	1501	1502
1	592	2264	2265	2266	820	821	822	416
1	599	302	303	304	305	2408
1	544	298	299	300	1595	1596
1	546	1723	1500	524
1	571	1217	1385	1386	1387	2274	2275
1	505	1097	1098	1866	1867
1	498	966	967	968	969	970	971	972
1	509	439	1061	1062	1063
1	527	728	729	437
1	590	116	117	118	119
1	595	640	1037
1	521	1617	1618	1619
1	525	1784	1785	1786	1787	1788	986
1	514	983	984	985	1789
1	525	550	551	552	221	1053	173
1	484	724	725	726	727	2176
1	485	383	384	938	939	940
1	552	2180	2181	2182	2183	2184	2185	2382	2383	1884
1	561	1371	1135	1136	1374
1	522	197	198	632	633	634
1	575	2017	2018	1028	1029
1	573	1850	1851	1852	1853	1854
1	485	1855	529	1740	1741	159
1	553	1025	1026	1142	1143	1144	1145
1	574	1150	1151	1152	584
1	596	2237	1306	1307	1308	1681	623	624
1	583	625	1496
1	497	1622	560
1	506	922	204
1	498	400	925
1	497	1568	1659
1	589	1794	905	906	1623
1	581	191	913	2305	2306	1833	1834	1835	2406
1	521	914	1682	304	305	306
1	574	307	308	1896
1	491	1729	1508	1563
1	521	811	2326	647	648
1	596	2033	1165	1166	2036	1913	2158
1	573	2082	2083	2084	2085	2086
1	470	2108	2109	2110	1578
1	420	138	139	15	16
1	432	2137	28	76	77
1	462	475	476	477	478
1	593	2255	2256	973	974	975
1	537	812	813	1331	815	816
1	500	1506	526	527	2078
1	480	1177	1178	1179	283	284	285	1541
1	448	527	528	317	1855	529
1	413	2119	2120	2355	2008
1	427	1542	1543	1544	1545	946	947	948
1	582	706	707	270	271
1	506	2115	941	942	943
1	568	2064	2065	2066	2410	2411
1	591	1733	1734	1735	1736	1737	892
1	583	1110	1111	493	664	665	666	2290	2291	1539	1540
1	561	2351	2352	2353	2354
1	432	27	75	29	30
1	544	2285	2286	1180	1181	1182
1	580	2276	2277	2278	46	47	48
1	557	491	492	1112	1113	282	283	284
1	484	1861	1862	1863	1864	2337	2338	2273	2274
1	599	510	511	512	513	514	1462	1463	1265
1	552	347	348	1936	1937
1	573	2311	2312	1838	1839	1840	1070	1071
10	661	2106	835	2047
10	672	231	232	233	872	873	874
10	489	1942	1943	1944
10	237	80	81	82	83
10	672	602	480
10	674	2133	2134	1603	1604	1605	1606	1607	1608
10	370	2426	2427	2428	2429	2430
10	331	1477	1478
10	482	171	2341	2342
10	614	2219	2220
10	370	2168	865	866	867
10	669	1801	1759	2127	2128	2129	2130	2131	2132
10	616	1377	1378	2080	2081	1691	1692	366
10	290	1811	1812	1813
10	695	1630	1631	1632	1633	1634	1635	1636	1637	396
10	706	323	324	40	41	42	419
10	689	1006	1007	1679	1680	1550	1551
10	682	325	326	373	829
10	514	2232	2233	2117	2118
10	594	1001	1002	1245	1122	1123	1124
10	713	301	1683	1684	1685
10	618	241	1202	1203	1204
10	702	2097	2098	2099	2100	2161	2162
10	719	686	1459	1460	1461	1462	1463	2131	2132	72	73
10	327	1221	1222	1170
10	193	53	54
10	674	976	977	978	651	652	653	654
10	676	1383	1515	1806	1807	1808	2218
10	663	2339	84	85
10	382	1049	1050	1051	1052	222
10	706	994	995	607	608	609	2348	1750	1751
10	667	1639	1640	1641	1642	1643	1644	1645
10	696	1281	1469	1470	1471
10	373	1286	1287	1288	1289
10	672	1125	1126	1127	1130	1131	1132	1133
10	440	1356	1357	1358	1359	1360
10	689	1394	1395	1480	131	132
10	674	2373	2374	2399	2400	2401
10	653	1361	1362
10	701	587	588	589	1422	1336	1337
10	662	1929	1930	1931	1932
10	686	2315	2316	2317	2318
10	679	120	121	122	123	124	125
10	572	1160	1161	1162	1163	1164
10	674	1815	1054	426	427	428
10	654	1885	1886	441	442	443	444	445	446
10	638	862	863	864
10	651	1791	1792	1102	1103	1104
10	519	831	2166	1171	1172
10	471	2371	2372
10	655	429	1055	1056	1057
10	568	594	595	596	597	598	599
10	700	172	173	1795	1796	1797
10	486	1367	1368	2123	2124	1890	1891
10	684	193	194	195	196	1375
10	472	1654	1655	1656	1657	1658
10	695	1752	1753	619	620
10	695	420	421	422	423	424	425	1817	1818
10	671	2320	2321	2322	2323	2324	2325
10	618	1889	571	572	573	574
10	718	1802	1760	1761	753	691	692	693
10	516	2040	2041	2042	2043
10	720	733	734	735	736	737	1597	1598
10	605	2030	2031	2032
10	304	1660	1661
10	713	2403	621	622
10	713	918	1497	1498
10	686	981	1571	1572	1573
10	601	377	378	379	380	381	2398
10	545	2377	2378	2379	2380	436	437	2384	2385
10	657	1063	1064	1065	1066	1067	1068
10	635	1144	1145	1146	1147	1148	1149	1150	404
10	680	542	543	544	328
10	308	2101	2102	2103
10	666	1490	1491	1305
10	235	1492	1493	1494
10	696	575	576	577	1902	1903	2319	2320
10	669	1909	1910	1911	858	859	899	900
10	661	2221	2222	2223	2224	787	788	789	790
10	705	1174	1175	1176	1177	667	668	669
10	657	1945	1946	462	463	265	266	267
10	243	1391	1392	1393
10	690	1956	1957	1182	1183	1184
10	708	1552	1553	1554	1555	1556	2067	2068	1762
10	366	1405	1406	508	509
10	602	1996	1997	1998
10	676	2199	2200	2203	1502	1503	1504	1505
10	683	1977	1978	1652
10	405	1430	1431
10	607	985	986	987	988	548	549
10	675	1036	1566	1567
10	700	1266	1267	1268
10	514	1475	1476	2340	169
10	720	1959	565	566	567
10	651	804	805	806
10	706	1664	1709	1710	1711	1665	1666	1667
10	674	2087	2088	1699	1700	1524
10	706	1108	1109	2225	95	96	97	228
10	675	877	878	879	2359	2360
10	575	713	714
10	665	1284	1285	1046	1047	1048
10	462	880	881	882	883
10	708	1559	1560	1561	1562	1563	1564	1153	585
10	675	1686	1687	1688	1689	1690	1653
1	415	579	580	581	582	583	1565
1	593	1536	1537	1400	1401	2230	2231
1	558	2356	1255	2062	2063	843
1	591	94	2226	2227	2228	2229	2113
1	538	1819	1486	1487	59	60
1	579	2243	2244	2245	2193	2194	1069
1	573	1517	1518	1519	1520	166
1	538	682	683	684	2411	2412	2413	2414
1	483	2327	2328	2329	2330	978
1	524	293	294	295	296	297	394
1	535	1091	1092	1093	1094	1095	1096	1472	1473
1	590	538	2268	778
1	565	2262	2334	2267
1	529	2149	2150	2151	2152	2153	2154	2155
10	336	486	2046	836
10	597	17	2387	2388
10	660	2111	2112	1402	1403	1404
10	605	784	785	786
10	672	2048	1247
10	585	932	933	497
10	706	1205	1769
10	611	792	793	1120	1121	233	234
10	539	323	902	903
10	679	779	780	781	782	1388	1389	1390
10	694	253	1847	1805
10	671	1739	1513	1514	1515	2217
10	425	928	929	930	931
10	674	905	1482	1483	2172
10	654	2251	157
10	490	2393	2372
10	663	1754	1755	1756	1757	1314	1315	1199
10	654	1925	1926	1927	1928	1366
10	655	1376	460	461	359	360	889	890	1947
10	645	1742	1743	1744	1745
10	528	1099	374	375
10	703	2395	2396	2397	382	100
10	685	569	570	2125	2009	110
10	632	2036	2037	2038	1100
10	649	1916	2159	1226
10	386	205	2029
10	711	926	1912
10	605	2148	2149	1781	1429
10	673	906	907	908	909
10	718	1624	1625	1626	791
10	673	546	1914	1225	129
10	307	1708	1992
10	616	190	191	192
10	712	869	870	871	872
10	707	2389	33	1514	1515	1516
10	679	2073	2074	2075	2076	2209	2210	2211	2212
10	657	1709	1710	1711	1712
10	720	1692	1693	1694	1695	1696	1697	1698
10	664	656	1663
10	435	1871	1872	1873	907
10	124	1719	1720
10	125	1467	1468
10	235	1282	1283
1	459	761	888	465	466
1	476	1523	1701	1702	1620
1	499	220	372	327
1	578	698	699	700	701	702	888	467	468
1	423	1223	1224	1915	547	989	2160
10	704	660	661	662	663	2287	2288	2289	2112	2113	2114
10	710	1190	1191	1192	1193	1194	1195
10	710	1211	1212	1213	1214	1215	1216	1217
10	584	844	248	249	250	1464	1465	1466
10	644	796	797	798	1828	1829	1830	1831	1832
10	688	2418	2419	2420	2421	2422	2423
10	421	1432	1433	1434	1435	1436	1437
10	698	286	287	288	289	1121	1246	838
10	597	272	273	479	711	712
10	694	1039	860
10	709	1318	1319
10	559	1141	1076	1077	1078	1766
10	702	104	105	106	2125	2126
10	687	1856	1857	1858	1859	533	534	1860
10	692	1101	831	832
10	659	2169	2349	1441	1627	1628	1629
10	656	561	562	563
10	623	2024	2213
10	590	133	134	1488	1489
10	673	1614	593	1615	1616	1617
10	633	2314	1895	2198
10	707	1256	1257	1258
10	696	1646	1647	2072	807	808	1983
10	443	603	604	1107
10	668	353	354	355	356
10	709	649	650	979	980	1339	1782
10	619	1134	1372	1373	1137	1138	1139	1140
10	699	498	499	500	501	502	503	875	876
10	617	1875	1876	1877	1878	1879	1880	1881
10	706	1499	201	202	203	579
10	706	2025	2214	2215	160	161	162	163
10	716	1668	615	616	2375	2376
10	651	1984	1985	1986
10	679	670	671	672	673	674	675
10	711	1798	1799	1800	2233	2234
10	707	949	950	951	952	1599	1600
10	623	2424	2425	33	34	35	36
1	587	1206	1207	1767	1768	1208	1209	1210
10	693	142	1588	1589	1590	1251	1593	1253	1254	2357
10	700	719	720	721	722	1297	1298	1299	1958
10	698	1764	1765	254	255	256	257	258	259	260	261
10	685	86	87	88	89	90	2284
10	503	1290	279	280
10	555	1105	1106	605	606	996
10	715	56	57	58	1488	2399	1999
10	720	2196	2197	309	310
10	707	1157	1158	1419	1420	1421	590	591
10	679	2394	2395	135	136
10	719	1484	1485	1820	1821	999	1823	1824	1825
10	666	1790	1793
10	583	2164	2165	1355
10	704	635	636	637	2022	2023
10	688	68	69	70	350	351	352
10	696	1159	319	320	321	322
10	613	2173	2174	2175	185	186	187
10	567	1329	1330	1331	815	816	817	818
10	629	329	330	331	332	333	334
10	662	111	112	113	114	1030	1031	1032	1033
10	652	861	1348	1349
10	535	1783	1620	1621
10	713	315	1609	1154	1155	1156	1611	1612	1613
10	718	1396	1397	89	90	91	1438	1439	1440
10	678	616	617	618	619
10	529	800	803
10	718	837	2049	2050
10	677	1948	1949	1950	2366	2367	2368	2369	2370
10	469	1662	657
10	705	74	695	696	697	2141	2142	2143
10	601	481	482	483	484	485
10	679	1442	1443	1444	2115	1364	1365	67
10	712	2253	2254	703	704	705
10	601	2177	2178	2179	102	103
10	709	982	1703	1704	1705	2039
10	661	830	831	2166	2167
10	682	311	312	313	314	315	316
10	657	833	834	2107	717	718
10	680	278	1291	1292	1293	1294	1398
10	636	1721	1722	687	2416	2417	1557	1558
10	623	1987	1988	2269	2270	2271	2272	2273	1474
10	717	2361	268
10	696	568	1836	1837	2313
10	668	506	507	1407	1408	1455	1456	1457
10	706	2002	1005	2300	2301	2302	2303	2304
10	703	1112	1671	1672	1673	1674	1301	1302
10	697	1526	1527	1528	1529	1530	1531	1532	1533
10	646	1034	1035	1036	641	642	643	644	645	646
10	707	569	570	1758	397	398	399	629
10	639	235	2061	2062	1015	1016	1017	1018	1019
10	663	1964	915	916	917
10	639	536	537	2335	2336	1865
1	585	242	243	955	156	2252
1	599	1019	743	744	745	153	154	155
10	706	269	412	413	414	415	2337	2338	1045
10	682	44	45	2279	2094	2095	2096	1990
10	624	2343	2344	2345	2346	2347	608	609	610
10	444	1350	1351	1352	1353	1354
10	685	990	991	992	2044	2045
10	665	2163	2164	2165	1707
1	544	1002	1003	794	2299
1	541	283	284	285	286	290	291
1	583	1273	1274	1275	1276	1738	893	894	895	531	532
10	705	839	840	841	842	1454	1409	1410	1411	1412	1939
10	710	2362	2363	2364	2365	1951	1952	1953	1043	1044	1045
10	673	223	224	225	226	227	179
10	719	2350	2402	1185	2235	2236
10	681	884	885	1269	851	852	853	854
10	685	31	32	2390	2391	2392
10	644	846	847	848	849	850	1270	1271	1272	1770
10	682	367	368	369	2270	1954	1955

MyIndex	Index	StartTime	EndTime	StartStation	Endstation
2	1173	131	227	1014	2993
47	55	354	442	2221	14
2263	655	7793	7869	3243	3631
2401	783	9682	9819	1014	2993
2426	1479	10035	10080	699	2759
2428	1227	10040	10080	3631	3113
