Costs	Duraton	Task_1	Task_2	Task_3	Task_4	Task_5	Task_6	Task_7	Task_8	Task_9	Task_10
1	470	3172	2369	2370	994
1	410	1532	1012	1013	1014
1	462	1002	1003	3181	1005	1006	1007
1	402	1529	2390	2391	1530
1	422	2555	2556	2183	2351	2352
1	440	2923	2924	2925	2926	2927	2202	2203
1	466	1980	1981	1982	1983	1149	1985
1	433	2284	2285	2286
1	474	1756	1757	1758	1759	339	340
1	478	2929	834	1275	1276	492
1	377	1599	1600	1494
1	447	1852	1853	2727	2728
1	398	2916	2614	758	759
1	463	773	2198	1269
1	398	1575	1576	501	502
1	377	565	566	253
1	424	1968	1309	1204
1	449	1638	1639	2105
1	438	1851	10	11
1	478	2796	2797	2798	2799
1	379	1206	2140	2141
1	395	2199	1564	1565
1	419	30	1992	563
1	478	2332	2333	2334	2335
1	479	2171	858	1881
1	395	570	961	962
1	479	2659	1797	170	171
1	373	1598	1546	469	470
1	458	2917	1554	226	227	228	333
1	373	1966	1350	1351	1033
1	479	2804	2946	2947	507	2425
1	373	298	1995	1996	1706
1	458	2174	523	2701	3143
1	433	815	1026	1027	1028
1	446	1147	1698	484	485	486
1	461	1171	1172	1173	1174	3140	2100
1	438	590	2110	2111	2112	2113
1	418	1555	1556	1557	1558	1559
1	438	2412	2413	2414	2415	2416
1	455	2415	2416	243	244
1	451	2861	2862	609	610	1768
1	454	2269	2270	1470	2875
1	436	1613	2573	2574	2575
1	365	1107	1108	1050
1	460	1290	1291	1292	751	587
1	463	2395	2396
1	463	2079	2080
1	463	1817	1818
1	463	668	669
1	463	2640	2641
1	463	2586	159
1	381	214	215	216	217	218
1	382	2496	2497	2498	2499	2500	2501	1653	1654	1655
1	382	42	43	2588
1	466	2849	2510	2511	2512	2513
1	466	1567	1568	1569	1570	1571
1	466	1099	2870	2871	2872	893
1	439	1590	2967	2646
1	427	1694	2786	2787	819	2789
1	427	481	1037	344	1086	1087	1088
1	435	3049	2227	2829	2830	2831
1	465	899	900
1	436	2219	1325	1326	1327
1	413	184	185	186	1863	1864	1213
1	449	2227	2228	2229	753
1	389	2470	363	364	2430
1	473	689	690	691	692	1115	1116
1	376	702	703	2231	2232	2233
1	454	210	211	2985	2986	2987	2988
1	454	2994	2995	2996	2997	2998	2999
1	381	3000	3001	549	550	551
1	389	147	148	2865	2866	2867	2868
1	381	674	675	1102	1103	1104
1	360	2642	158
1	471	2812	2813	2814	363	364	2471
1	431	2439	2440	2731	2732	2733	2734
1	463	2028	2029	2030	2031	2032
1	431	1380	1381	1714	1715	1716	1717
1	471	2029	2030	2031	2032	2320	2321	2033
1	471	1369	1370	1371	1372	1373	2329
1	433	2675	2676	2677	2678	1511	1512	1982
1	476	1837	1838	1839	2591	2592	1053
1	500	76	77	929	930	931	932
1	560	987	79	80	988	989	990
1	530	995	996	3082	3177	3178	3085
1	500	2382	2383	1526	2385	2386	2387
1	560	1003	1004	2386	2387	2388	1008
1	537	1528	3095	3096	418	419
1	590	2480	1010	2392	1012
1	590	1530	1531	1011	2393	2394	585
1	530	1017	1018	1019	1020	1021	1022
1	522	1731	1	906	54	55	56
1	552	55	56	908	909	910	911	912	913
1	582	810	811	916	917	812	1744
1	582	924	925	984	985	926	927
1	552	982	983	984	985	75	927
1	552	75	76	928	2364	2365	2366
1	582	1279	1280	1281	2372
1	582	998	999	1000	1001	1678	1679
1	552	3179	3180	1000	1001	2381	1679
1	504	2291	2552	2553	2609
1	583	1395	1396	1397	1398	1399
1	585	440	2119	2120	2121	2783	2784	2785	3063
1	535	820	821	1908	1909	2670	2671	444	445
1	535	1412	829	830	1207	2630	2631	2632
1	523	89	1154	1155	1703	3014	3015	3016	2160
1	565	1923	2805	1158	1159	2462	2463
1	596	2161	2162	2163	2164	2165	2166	2167	513	853	854	855
1	596	2660	2661	2662	2838	1338	1339	2069	2070	2071	2072	2073
1	562	2074	2075	2781	2782	2783
1	595	976	2614	2615	2616	1402
1	524	1403	1404	1405	1406	1407
1	562	772	827	828	2138	2139	2200
1	568	2317	2318	1082	1083	1084
1	524	2929	2930	2931	393	394
1	568	1420	1421	2941	2942	2943
1	568	1711	1712	1629	1630	1631
1	555	306	2172	2817	2818	1631	1632	521
1	598	522	1636	1722	265	1640
1	590	1126	1544	1688
1	538	1129	1130	1131	1132	1133
1	524	2122	2123	2124	2125	2126	1349
1	518	1270	1271	1272	1273	1274	835
1	538	2143	2144	2145	2146	350
1	550	512	513	956	957	958	959	960
1	538	964	965	966	967	1639
1	544	2011	2012	2013	2185	2186
1	585	1491	2560	1336	2840	2841
1	528	2908	2909	2910	2911	2912	2913	2914	2779	2780
1	549	2842	2843	2844	2845	2846
1	543	714	2508	2243	1306	1307
1	549	1366	840	841	842
1	547	859	2336	2337	45	1385
1	561	3191	1783	310
1	523	12	13	758	759	760	761
1	555	2127	763	823	824	825
1	544	762	763	2793	2794	2795
1	555	833	2450	2451	2452	2453
1	588	3073	3074	493	494	495
1	521	2147	2148	783	784	785	786	787
1	592	1574	1096	1993
1	565	2158	509	1876	1877	1878
1	572	2158	509	510	618	619	620	2331
1	588	847	848	1999	2000	2001
1	498	511	2169	626
1	527	1630	1631	1175	1176	1177
1	588	2179	2180	2181	1597	1332
1	507	1488	1489	2013	1797	170
1	480	1333	1334	1335	1336	2840	1495
1	507	3067	1310	1311	1312
1	586	1864	1865	1214	937	938	939	940	941
1	599	942	2420	2421	2422	612	613	614
1	555	2303	2304	1065	1660	1900	1901	1902	1903
1	560	471	2613	2614	14
1	593	15	2621	2622	2623	1755	1756
1	549	1034	1035	342	343	1038	1039	1040
1	571	1507	346	292	937	938	939	940
1	537	951	952	2464	2465	1708	1709	1710	515
1	537	1944	1945	2103	1641	1642	1728
1	536	1029	1030	1031	765	766	767	768	769	770	1409
1	594	479	446	447
1	598	3132	1518	1519	1520	1521
1	539	1522	1523	1524	1935	1936	1937	1938	1939
1	586	1934	1525	3182	3183	3184
1	489	1725	1239	1240	1241
1	588	2896	2897	2898	268	166
1	560	2107	587	588	589
1	567	3053	3054	320
1	574	2112	2113	2114	2115	172	173
1	564	321	322	174	175
1	560	709	710	711	2024	876	877
1	511	1807	222	223	224	225	226	227
1	527	1071	1072	1810	1811	284
1	586	331	332	333	334	1313
1	556	226	227	228	229	230	231	232
1	518	1555	1556	387	2515	2516
1	545	285	286	287	181	182
1	590	720	721	1314	1315
1	552	1670	1671	1316	2523	3008	3009
1	573	600	601	2747	2748	242
1	522	2255	2859	2860
1	586	3010	2207	2685	2686	2687	2688
1	564	293	294	295	2689	727
1	590	2861	2862	1869	2690
1	573	1769	1770	1467	1468	1469
1	573	2691	2041	733	734	1469
1	561	1046	1047	1048	1049
1	588	2815	2816	2429	2540	2541	2763
1	573	1109	2762	2698	2699	2700
1	522	1589	108	109
1	579	2703	2704	632	524	525
1	590	110	111	1478	2431
1	574	125	126	127	1140
1	543	125	126	379	380	381	382	383
1	595	2192	1075
1	600	3002	3003	3004	3005	3006	3007	934	935
1	595	2856	2857	2750	2751
1	490	1820	1821	1822	1823	2040
1	560	2537	2045	2046	2047
1	487	2048	2049	2474	2475
1	567	688	1113	2823	112
1	597	1112	1113	2823	2824
1	572	636	1117	1118	2826
1	534	1845	1846	533	534
1	583	537	1453
1	547	711	2024	2241	2242
1	543	539	540	541	542	223	1812	1813
1	529	2509	2510	2511	2512	2513	2514
1	583	3119	1457
1	543	2081	2082	1458	1459	2747	2748	2749	2750
1	494	602	1568	1569	2257	2258	2259	2260
1	583	2261	2262	2263	2752	2753
1	583	1461	1623
1	598	1465	1466	249	2870	2871	2872	2873
1	583	738	1834
1	480	1833	2587
1	545	2473	2338	108	1051	1052
1	593	2593	2594	2595	2596	2597	2598	2599	743
1	571	219	220	221	1808	1809	1810	2569
1	483	1303	1304	1305	2850
1	568	1808	717	2994	2995	2246	2247
1	575	235	236	237	2744	2745	2746	2857	603
1	540	604	605	2525	2526
1	524	2527	2528	2529	2530	2531	2532	2533	1468
1	571	1824	1825	1826	889	890	154	2583
1	553	735	736	36	37	38	39
1	524	40	41	2880	2881	2882	2883	2884	2885	2964
1	537	1602	1603	1604	2023	712
1	537	2736	2737	2738	1079	1080
1	491	2940	1097	1098
1	574	383	384	2509	2244
1	524	472	591	592	473
1	513	1668	595	722	723
1	542	1759	1760	1761	1670	1671	1672	1272
1	582	726	1868	1869	1041
1	500	901	902	1479
1	586	475	1310	335	336	337	338
1	524	339	1208	1209	1210	1211	1212
1	589	267	460	461	462	463
1	584	595	722	723	724
1	530	702	703	275	276	3056	3057
1	557	2234	2235	2236	2237	2189	1897
1	538	2020	2021	2022	1605	1606
1	525	1607	1608	1609	130	1142
1	527	2739	2740	2741	2742	2743	238	239
1	571	147	148	149	150	886	887	888	889	890
1	530	2958	2959	411	412	413	414	415	416
1	506	532	874
1	497	2396	1847
1	498	1846	533	534	535
1	506	536	1452
1	498	538	539	540	1454
1	497	2080	3121
1	498	3120	2081	2082	2083
1	512	2639	670
1	497	669	2754
1	498	1462	1463	1464	1624
1	556	2106	2979	2980	2981
1	589	708	709	710	711	2024	876
1	521	1958	1959	2912	2913
1	521	2735	2027	1264	1265
1	521	781	782	2324	2035	2036
1	589	1263	1264	1265	2030	2031	2032	2320
1	559	2034	2035	2036	1370	1371	1372
1	589	2330	621	622	623	624	625	1713	1382
1	513	3007	934	935	936	1215	1216	1217
1	573	649	650	651	652	653	654
1	573	2149	2150	2151	2152	2153	2154
1	573	1775	1776	1777	1778	1779	1780
1	555	3059	3060	2567
1	509	2006	741	2593	2594	742
1	470	3174	3175	3176	2375	2376	2377
1	470	1015	1016	1017	1018
1	462	3089	2384	1527	3094
1	462	2389	584	2391	1530
1	435	307	308	963
1	479	3045	3046	2056
1	401	1713	1382	1383	1718	1719
1	418	2906	1689	1690	1341	1342
1	479	1904	3066	2918
1	479	1803	1804	1805	1343	1138
1	445	313	639	316	317
1	376	1649	1650	1651	1652	2502
1	471	706	1849	1600	1601	1602
1	471	1306	1307	1308	1969	2736
1	471	2050	2051	2052	2053	2645
1	466	207	208	209	2775	2776
1	471	704	705	208
1	475	2256	1217	1218	1219
1	427	1919	1920	1921	946	947	94
1	400	594	595	722	723
1	417	1505	1506	1974
1	458	883	884	885	886
1	476	2967	2968	2969	2970	633	2225
1	465	2196	2197	2319
1	431	775	776	777	778	779	780
1	440	2988	2989	2990	2991
1	457	2937	147	148	149	730	731
1	363	3097	3098	2475	2476	2477
1	590	52	2550	2551	2292
1	558	803	53	1732	1733
1	590	1740	1741	1742	918
1	586	62	63	64	65
1	500	1744	1745	1746	1747	1748	3161
1	560	72	73	74	3165
1	526	2378	2379	2380	3089
1	590	3090	3091	3092	3093	2388	1008
1	552	804	2293	806	807	808	809
1	582	812	813	814	980	981
1	517	1913	1914	1915	1277	1278	992	993
1	500	2291	55	907	2
1	594	948	949	950	951	952	953	954
1	576	2928	1508	85	86	2207	2208
1	541	3135	3136	3137	3138	516
1	591	263	864	865	866	1890
1	572	2200	2201	1036	343	1038	345	346	347
1	572	789	790	791	90	91	402	403	508
1	595	506	1873	1874	1875	3019	3020
1	596	1782	1721	3190
1	546	1994	2159	3017	3018	3019
1	563	1343	1344	1345	1662	1553
1	524	404	2269	300	1707
1	560	2426	2427	2428	2173
1	550	442	816	817	818
1	598	482	483	484	485	486	487	1362	2681
1	571	1512	1982	1983	1984	1985	2211	1987
1	594	851	955	1168	1169	1170
1	525	2975	2976	2977	2978	165	166
1	579	2899	2900	1054	1055	1056
1	484	2018	2019	1898
1	537	1066	128	2507	715
1	578	325	326	327	328	329	330
1	526	716	2245	718	719
1	561	546	547	548	2254
1	560	596	597	2410	2411
1	552	1670	880	2523	3008	3009
1	561	245	1320	1321	1223
1	560	499	500	32	1224	2267	2268
1	533	33	2692	733	734	1469
1	579	405	894	895	896
1	590	2271	2272	1045	1473	1474	1475
1	590	2220	2875	897	1586
1	560	2811	2812	2813	161
1	485	2701	2702	2703	2704	2705
1	519	2894	3106	116	117	118
1	573	322	174	2506	129
1	537	721	233	234	2521	2522
1	536	2854	2855	881	934	935
1	595	34	35
1	587	2476	687	1112	1113
1	558	602	2858	2859	606
1	593	249	250	251	252	567	894
1	553	2851	386	132	133	134	135
1	565	1827	1828	892	1100	1101	676	677
1	483	664	665	1458	1459	602
1	521	1571	1572	1573	496	2038
1	564	2039	889	890	891	892
1	521	893	568	569	2002	2003
1	491	713	1196	2848
1	537	2933	2934	2935	2936	2937	2938	2939
1	588	463	2904	2905	1333
1	569	559	560	561	3128	2214	2215
1	587	613	614	615	616	2217	2218
1	575	637	2893	3198	638
1	592	1801	1802	1066
1	576	3000	3001	879	1671	2577	2578
1	497	3116	3117
1	506	3118	1456
1	498	1455	1817
1	506	1460	1622
1	496	1832	2643
1	498	739	1835
1	589	545	596	597	2410
1	589	2810	2811	2812	160
1	600	201	202	203	1543	2187
1	574	1426	1427	1377	1378	1379
1	595	2447	2448	2449	348	349	838
1	595	1719	1720	1882	1637	371	309
1	513	2992	2993	2994	2995	2246
1	476	836	837	2454
1	400	2657	1490	1491
1	530	2293	2294	2295	808	809	1739
1	560	919	920	921	922	923	71
1	590	3086	3087	3088	1002
1	540	3025	3026	3027	3028	3029	259	3033	3185
1	523	1235	1236	1237	1238	1726	3040	3041
1	543	1095	31	1577	2944	2945
1	524	1924	1925	1926	1927	1928
1	494	3068	3069	826
1	548	1084	1085	1360	1361	1362	490	1364
1	573	254	1708	1709	1710	1167	856	857
1	553	861	862	863	264	2104
1	516	838	839	1367	1368	3125	3126
1	593	2065	435	436	437	2301	2302
1	597	1154	1155	1156	1157	2806	2807	2089	2090	1162
1	586	456	457	458	459
1	491	1081	2141	1566
1	480	2790	2791	2792	1352	2312	2313	480
1	586	1060	1061	1798	2562	1549
1	576	147	148	149	150	151	152	153
1	532	1105	1106	2539	2540	2541
1	482	1687	1492	1493	2909
1	470	805	57	58	59	60	61
1	469	395	396	397	1989	1990
1	455	1430	1431	1432	1880	2820
1	560	1734	1735	1736	1737	1738	1739
1	530	66	67	68	69	70	71
1	589	2277	2278	2279	1233	1234	582	583	420	421
1	578	1400	1401	2617	2618	2619	2620	764	765	766
1	594	2204	2205	2206	2207	2208	2209	2210
1	569	3133	3134	2168	3021	3022	3023	3024
1	594	518	3031	520	260	261	262	263
1	520	2557	2558	2559	1545	1336
1	596	1905	2668	2669	1753	1754	771
1	599	1991	789	1578	1579	1580	1581	1582
1	510	1198	1199	1200	1201	1202	1203
1	590	628	3139	3140	1231	1884
1	549	87	88	791	792	793	794	795
1	599	1911	1912	83	84	189	190	191
1	479	478	2625	2626	2135	2136	2137
1	582	914	915	3155	3156
1	595	571	572	573	519	2098	2099	3141	3142	369
1	588	657	658	659	660	1205
1	537	2207	493	351	2213
1	593	629	579	580	581	3035	3036	1946	1947
1	592	136	137	138	238	239	240	241
1	599	1183	1184	1185	1186	1187	2066	2067	2068	2663
1	537	2622	1408	2316	2628
1	596	2681	2682	24	25	26	352	1987	1988	1989
10	482	1481	1729	1730
10	625	2360	2361	1861	1862	2629
10	709	448	1090	1091	1986	2212	354	355	728	729
10	712	3061	3062	2788
10	695	2633	2634	2635	2636	1819
10	672	1854	1855	1856	1857	1858	2358	2359
10	690	867	868	2287	2288	2289
10	686	27	28	1422	1423	1424	1425
10	679	2186	2187	2188	2238	2239
10	674	1971	1972	1973	1974	1669	1762
10	600	774	775	2321	2322	2323
10	708	843	844	845	846	505	506	2948	2809
10	660	1887	1888	1889	1890	1891	1892
10	637	2175	1948	1949	1950
10	584	187	188	189	190	1513	1514	1515
10	683	3011	1042	1043	3012	3013
10	712	21	1356	1357
10	720	2417	2418	2419	943	944	945	1152	1153
10	671	365	366	367	368	369	370
10	626	107	108	109	162	163	164
10	617	2706	2707	2708
10	651	2769	903	746	747	748
10	662	120	121	3055	3056	3057	3058
10	559	122	123	124
10	662	2190	2191	1141	1142	1143
10	696	1610	1611	1612	1076
10	630	2264	2265	2266	1870	1871	1872
10	716	2193	2194	2195	1266	1267	1268
10	715	554	555	556	557	558	559
10	685	3099	3100	3101	3102	3103	3104	3105
10	432	2400	2401	2402	2403	2404	2405	2406	543	544
10	564	697	698	699	700	701
10	694	2007	2008	2009	2010	1257	1258
10	717	3193	2888	2889	2890	2891
10	585	1323	1324	1325	1326	1327	256	257
10	407	2176	2177	2178
10	712	2306	2307	2308	2309	19	20
10	710	463	464	465	466	1796	2016	2017
10	620	2563	2564	2565	1695	1696
10	616	800	801	802	1949
10	668	1550	1497	1498	1499	1500	1501	1502	1503	1504
10	645	3052	2109	168	169
10	712	1975	1976	1977	1978	1979	191	192
10	660	2766	526	527	528	529
10	612	3197	2894	2827	1594
10	714	119	269	270	271	272	273	274	275
10	633	2761	2762	2542	2543	2544
10	659	641	642	643	644	645	646	647	648
10	629	2043	2044	2538	2221	2222
10	659	1113	1114	2648	2649	2650
10	672	1119	1120	530	531
10	712	2956	2957	2958	2959	2960	2961	2962	2963	2886	2887
10	635	2407	2408	2409	598	599	183
10	625	155	156	157	1626	1627	1628	1629
10	711	875	2077
10	656	3122	3123	3124
10	538	739	740	2644
10	626	1836	1837	2822	2225
10	680	2085	1224	1225	1226
10	702	2472	44	2338	2339	1591
10	707	3194	3195	3196
10	697	3107	3108	3109	3110	1057	1058
10	472	3112	3113	3114	3115	2240
10	651	1815	1816	666
10	710	1023	971
10	672	3144	971
10	702	455	456	2101	2102
10	615	1289	1290	374	2343	2344	2345	2346
10	705	1960	1961	1962	1963	1964	1965
10	664	2545	2546	2600	1181
10	717	1252	1253	1540	1541	1542	2437
10	580	1429	1430	1431	1432	1433	1434	1435	1436
10	497	1784	1785	1786	1787
10	706	732	733	734	2584	2585	2757	2758
10	242	2485	2486	2487	2488
10	555	1781	2820	2821
10	703	1144	1145	1146	1147	2673	2674
10	611	2478	2479	1009	2481
10	625	2608	2609	3	4	5
10	717	2772	2773	2774	2775	2776	2777	2778
10	651	2444	2445	2446
10	715	1375	1376	2331	1879
10	719	2036	2037	497	498	356
10	535	1683	1684	1685	1956	1957
10	695	1296	1297	1298	1299	1300	1301	1302
10	640	2078	388	389	390
10	622	2482	2483	2484
1	470	3156	3157	3158	3159	3160	3161
1	470	3166	3167	3168	3169	3170	3171
1	461	1967	2131	2132
1	586	3162	3163	3164	75	76	77
1	521	1534	1535	1245	2057	2058	2059	2060
1	594	979	3063	3064	3065	1907	822	1352
1	565	2170	627	2819
1	499	788	562	504
1	574	2868	2869	1100
1	582	1044	796	897	2273
1	533	3050	3051	2901	753
1	597	2310	2311	1353	1354	2314	2315	2921	2922
1	554	1347	1348	1197	2128	2129
1	586	2466	2467	255	99	100	101	102	1328
1	591	3148	3149	3150	3151	3152	974	1857
1	597	2097	3032	1633	1634	1635	1636	1722	1723	1724
1	599	2664	2665	2666	2667	1906	16	17	18	1910
1	591	2720	8	9	1134	1135	2118	2119	2120
1	534	517	518	519	1230	3141	1232	2280
1	585	2553	2713	1389
1	574	1881	860	861	369	1885
10	167	2770	2771
10	663	905	1788	1789
10	706	933	882
10	453	1532	1533	1243	1244	1536
10	331	424	425
10	704	449	450	1160	1161	2091	2092
10	696	1386	1387	1388	2714
10	696	398	399	400	401
10	674	2076	2025	2026
10	694	3191	968	969
10	463	1248	1249	1250	1251
10	664	427	428	429	2609	2610
10	716	1940	1941	578	1943	1944	265	266
10	696	22	23	488	489	1363	491	1916	1917	1918
10	689	1516	1517	451	452	196
10	668	2086	2087	672	673	2872	2873	2874
10	707	376	377
10	587	1295	1848	1849	1850
10	576	385	2852	2853
10	532	2601	2602	2603	2604	2605	2606
10	684	1953	1954	1955	201
10	679	1220	246	247	1322
10	702	2647	693	694
10	702	2536	1471	1472	2469	898
10	335	1951	1480
10	715	756	1899	1900	176
10	703	725	1867
10	572	1673	1674	1675
10	703	1896	1897	1898	174	2305
10	585	1614	2252	2253	1317
10	715	373	374	375	166	2230
10	702	417	418	419	420	421	422
10	717	2223	2224	2225	2226	1592	1593
10	710	586	2108	3111
10	656	2755	1427	1428
10	697	1763	1764	1765	1766	1767	1768	499	2423
10	694	357	358	359	360	2876	2877	2878	2879
10	679	1477	2767
10	679	2768	696
10	317	193	194	1286
10	717	970	1024
10	443	1697	445	1355
10	717	1287	454
10	656	2325	2326	2327	2328
10	690	1384	1385	1886	372
10	405	1438	1439
10	696	2438	2914	2915	2729	2730	2441	2442	2443
10	150	1261	1262
10	519	1784	1785	3047	3048
10	655	3007	3008	2579	2580
10	687	2153	2154	2155	2156	2157	564	299	2808
10	501	2290	2063	2064
10	642	1860	2362	986	78
1	435	831	832	2142
1	541	3075	3076	3077	3078	1093	1094
1	580	3130	3131	1163	1164	1165	1166
1	591	1997	1998	1929	1930	1931	852	514	3022	305
1	579	1127	1128	2907	1191	1192
1	599	1496	1551	1552	1663	1664
10	715	1749	1750	1751	1752	2670	2671	2672
10	520	2363	3168	81	82	2203	1088	1089
10	698	2133	2134	2627	828	1413	1147	1148
10	459	1178	1179	1180	2973
10	607	297	3129	1583	1584	1585
10	638	2116	2117	2118	441	442	443
10	607	301	302	303	1933	1934	1681	1682
10	689	439	3153	3154	2357	1859
10	687	2892	1120	1121
10	628	1448	2397	2398	2399
10	692	1110	1111	688
10	535	2893	2894	2895
10	719	2248	2249	2250	2251	2576
10	688	2965	2966	2340	2341
10	713	2054	2055	3192	46	47	48	49
10	704	1809	1073	1074	1814
10	505	50	113	114	115
10	669	143	144	145	146	2938	2939	2940	843	1374
10	695	755	756	757	1806
10	584	131	286	287	1560	1561	1562	1563
10	694	2042	682	683	684	685	686
10	660	2693	2694	2695	2696	2697
10	699	2533	2534	737
10	720	552	553	2637	2638
10	716	749	750	751	752	2902	2903
10	630	1449	1450	1451	711	712	713	2847
10	695	1617	1618	1619	1620	1621	2084
10	711	1625	1626	2004	2005
10	668	2982	2983	2984	212	213	214	215
10	704	611	612	2424	2215	2216	617
10	707	798	799	103	104	105	106	2764	2765
10	717	1699	1985	1986	353	2456	2457	194	195
10	643	1259	1260	1195
10	692	655	656	762	2130	2131	3070
10	651	391	392	2932	2933
10	613	2568	2569	2570	2571	2572
10	629	2581	2460	2461	451	452	453
10	264	873	1293	1294
1	593	1032	477	2624	1410	1411	1412
1	593	1705	849	850	851	2093	2094	1932	304
1	565	29	3127	503
1	588	3073	1365	495
1	521	2513	1970	661	662	663
1	537	406	407	408	409	1627
1	591	1985	1092	3079	3080	1283	1284	1285
1	468	2952	2953	2954	2955	409	410	411
1	556	991	992	993	2371
1	560	1282	3081	995	996	997	2377
1	582	2367	2368	3173	3174
1	492	994	2372	2373	2374	3083	3084
1	534	341	342	343	1358	1359	1509	1510	2679
1	446	291	1864	1213	1866	1674
10	601	2651	2652	2653	2654	2655	2656
10	619	2709	2710	2711	2712	2554
10	479	1482	1483	1329	1485	1331
10	689	2095	2096	1229
10	664	2919	2920	2921	1414	1415
10	649	1242	3042	3043	3044	872
10	704	2971	2888	2432
10	575	1221	1222	2535
10	705	2235	2503	2504	2505	756	378
10	512	1893	1894	318	319
10	668	2274	2275	2276	2277	2278	3187	3188	3189
10	690	277	278	279	280	1070
10	719	1067	1068	1069	281	282	283
10	697	1077	1078	3000	3001	1615	1616
10	715	2743	139	140	141	142	1318	1319
10	682	671	2088	2808	2949	2950	2951
10	673	2972	1842	1843	1844
10	560	745	2894	51
10	662	177	178	179	180	2517	2518	2519	2520
10	418	1227	1228	576	577	1942	630	631
10	516	3071	3072	2800	2801	2802	2803
10	622	2347	2348	2349	2350	2184	2185	2561	1799	1800
10	585	1416	1417	1418	1419	2456	2457	2458	2459
10	701	1676	97	98	101	102	1328
1	402	258	3030	574	575	3034	3186
1	427	1789	1790	1791	1792	1793	1794	1795	2715	2716	2353
1	560	2680	2681	2682	2683	2684	27	2455
1	598	1790	1791	1792	1793	430	431	432	433	434	1337	1338
10	719	2062	2063	1122	1123	1124	1125	2658
10	522	869	870	871	1246	1247
10	706	1883	2281	2282	2283	3035	3036	3037	3038	3039	1727	1643
10	692	634	635	636
10	670	2825	2826	2827	2828
10	698	744	695	114	115	3198	3199
10	695	878	286	287	288	289	290
10	563	2524	294	295	296	2421	2422
10	664	1700	1701	1702	93	1704	1705	1997
10	715	466	2015	1392	1393	1394	3149	3150	1025
10	706	1537	1538	1539	1254	1255	1256	1257	1686
10	613	2582	2583	678	679	680	681
10	684	667	607	608	2863	2864	2865	2866
10	696	2756	2757	2758	2759	2760
1	546	1337	1338	1339	1340	438	1855	1856	1136
1	581	3080	1150	1151	1922	92
10	695	198	199	200	2434	2435	2436	1541
10	645	248	1771	1772	1773	1774
10	687	2489	2490	2491	2492	2493	2494	2495
10	615	1661	1662	1663	1664	1665	1666	1667
10	629	972	973	974	975	1137	1344	1345	1346
10	676	1829	1771	1772	1830	1831
10	675	2600	1181	2547	2548	2549	904
10	670	2467	2468	797	362	1476
10	705	2296	1390	1391	1188	1189	1190	1191	1192	1193	1194
10	716	95	96	1677	1680	1681
10	662	1441	1442	1443	1444	1445	1487
10	667	2297	2298	2717	2718	2839	2720	2721	2722	2723	2724	1693
10	553	1595	1596	2229	167
10	686	2182	2014	467	468	1547	1064
10	670	1656	1657	1658	1659	323	324	1139
10	491	2589	2590	1840	1841
10	701	592	593	474	475	476	477
10	659	1644	1645	1646	1647	640
10	662	2433	201	202	203	204	205	206	707
10	630	2611	2356	1743	813	814
1	587	1059	1060	1061	1062	1063	1548
10	707	2354	2355	2612	2613	977	978
10	703	1484	1330	1486	1446	1447	1895
10	654	754	2832	2833	2834	2835	2836	2662	2838	2719
10	698	311	312	313	314	315	1648
1	470	361	362	363	364	1587	1588
1	597	6	7	1691	1692	2725	2726	1857	2566
10	681	3145	3146	3147	2837	2299	2300

MyIndex	Index	StartTime	EndTime	StartStation	Endstation
5	2607	131	227	1014	2993
9	1182	167	273	1014	1823
2636	1288	6812	6876	1175	1938
2656	197	6868	6941	1175	1756
2965	1437	7793	7869	3243	3631
3058	423	8328	8522	2759	3125
3152	2974	9652	9726	3631	3243
3160	2061	9682	9819	1014	2993
3164	1952	9768	9962	2759	3125
3192	426	10035	10080	699	2759
3195	1440	10040	10080	3631	3113
3198	2342	10062	10080	3152	1419
