Costs	Duraton	Task_1	Task_2	Task_3	Task_4	Task_5	Task_6	Task_7	Task_8	Task_9	Task_10
1	474	2150	1513	462	463	464	465
1	469	1026	1880	2281	2057
1	414	1964	1175	1176
1	390	892	893	17	2748	475	476
1	466	2294	2295	2296	2297	1049	1050	1051
1	433	962	963	964
1	373	1562	2735	2736	2676
1	479	842	589	2179	2180	2181	2182
1	465	1808	1809
1	456	3089	2038	2039
1	428	405	406	1825
1	445	140	83	84	2415	2416
1	476	1374	1375	1376	3084	3085	1011
1	363	1851	1652	159
1	439	1635	1837	1838
1	415	1264	135	136	137	138	321
1	382	2606	2607	2608	2609	2610	2611	2612	2613	2614
1	448	2695	2696	2697	2698	1900	1901	1902
1	380	1545	1483	1484	1485
1	476	1848	2196	2197	2198	2199	1277
1	360	2638	1950
1	450	50	51	52	976	3044	335
1	381	2399	2400	2401	2402	2403
1	410	698	699	700	701
1	470	2845	2846	2847	2848
1	462	2041	2210	687	688	689	690
1	372	2954	69	2850	2111
1	462	1169	1170	2237	1316	1317	541
1	415	1408	1409	1410	1222
1	365	1818	1819	397	398	399
1	440	2600	2601	2602	2603	2604
1	466	3042	3043	3044	3045	1460
1	460	1461	1462	1083	1084	1085	1086
1	466	1832	1631	1632	1633	191
1	392	1114	2919	2920	2921
1	463	242	243	828	829	830
1	431	2548	2549	831	832	833	834
1	463	1115	1116	1117	1118	1119
1	395	235	1870	1871	2544
1	409	2545	2546	2547	2548
1	395	2549	244	245	902
1	437	2987	2153	2154
1	419	2166	1027	1208
1	395	2345	946	947
1	463	1998	1878	2551
1	424	1210	1211	1212	1213	1214
1	435	1045	950	365
1	471	2642	2643	2644	3020	3021
1	400	2709	2710	2875
1	472	2814	437	744
1	433	164	1714	2941
1	433	708	709	710	711	1032	1033	675
1	458	1481	1482	2521	786
1	473	2133	2134	2135	2136	2137	2138
1	707	1280	2259	2260	2261	2938	2939	2940	455	279	1511	1512	1513
1	657	1179	1180	1181	277	1183	1184	457	458	459	460	461
1	654	2940	2834	2835	2836	2837
1	656	2838	2839	2840	2841	2842	887	888	889	890
1	707	286	287	288	1291	759	2492	2493	2494	2495	762	763	764
1	620	1159	1160	631
1	631	720	2856	2857	2858	2859	2860	2861	2862	2863	844
1	633	2862	2863	844	845	2294	1419	1420	482	2804
1	598	730	1698	1699	1700	1701
1	703	1051	2806	2807
1	705	1054	491	960
1	559	2188	2189	2575	2576	210	211	503
1	643	1752	2809	2810	2811	502	503	504	2464	2465	1130
1	583	1383	1384	1451	1452	1453
1	705	1186	1187	1188	2485	2486	2487
1	661	300	301	1880	1881	1882	1729	1730
1	609	1731	2170	2171	2008	1890	1735	1736	130
1	672	2011	2012	717	718	315	316	2346	2347
1	614	2864	2865	3005	531	532	533	3009	3010
1	706	1751	497	498	499	500	2578	737	738	739	740	741
1	695	1187	2677	2678	57	1568	341	2741	2742	2743	1289
1	663	466	2156	2744	1722
1	690	290	2746	472	1147	1148	1575	1576
1	591	18	2749	295	296	297	1021	1578	1341	300
1	682	1577	1022	1023	1024	1025	1026	773
1	661	2006	2007	2008	2009	2010	2289	2290	1737	1738	1739
1	702	1107	1108	1691	1692	1693	1694	2509
1	663	1740	2016	3002	2800
1	596	843	844	845	2294	1419	1420	1421	1422	1423	1424	1425
1	649	2510	2511	2024	2866	2183
1	653	2184	2185	2186	2187	2188	2189	2190	2191
1	673	1365	489	490	491	492	493	494	495	496	2808	1753	2772
1	587	1411	1412	1413	1414	2566	2567	2568
1	587	2306	374	1808
1	679	10	11	756	757	758	759	2492
1	577	1382	1073	1074	1075	1076
1	656	1141	1073	2	3	4	2257	2258
1	712	1278	1279	877
1	686	1966	1967	1968	2828	2829	275	276	2938	2939	2940
1	615	2887	2888	2889
1	615	2500	121	122
1	654	1344	1345	1883	1884	1885	1886	1887	1888	1889
1	689	123	124	125	126	127	128	129
1	615	2291	2506	2507
1	594	2992	2157	2158	1093
1	655	1298	1299	1300	1301	1302	1204	1205	1206	2552
1	715	1531	1304	2630	2631	572	2799
1	655	575	576	577	578	579	580	943	944	945	841
1	655	2867	2868	2869	2870	2871	2872	2873	2874	1234
1	560	1747	1748	640	2361
1	688	1749	1750	2713	497	498	2576	2577	736	2579
1	719	1081	1082	3049	1190
1	524	1189	1190	1191	1144
1	675	1145	1146	473	474	1199	1200	1201	1202
1	703	3051	2900	2391	2392	2998	2999
1	702	418	1306	1637	2965	32	33
1	702	34	1543	1804	1805	1806	1807
1	644	1070	2778	2779	451	2142	2143
1	689	1070	1071	1384	1451	1558	1385	1386
1	629	102	103	1814	1386
1	629	2997	2391	2392	2998	1788	1305
1	509	1306	1587	1588	422
1	619	868	869	870	100	101	2881
1	527	1815	646	647	648	649	2319	2320
1	574	2319	2320	650	651	652	1567
1	655	55	56	1082	2269	2270	2271	1389	1390
1	655	1779	1780	655	656	657	658
1	680	1463	1618	1390	2680	2681
1	702	1391	402	2790	2791	2792	2896	2897
1	656	61	62	561	562	2792	2896	2897
1	639	2432	2433	2434	1925	1926
1	716	666	667	668	669	1400	1401	2629
1	695	1925	1926	1927	1928	568	2755	1929	1930
1	693	2277	2278	2279	2280	774	775	776	777	1682	1683
1	573	1628	1629	938	939	940
1	705	1931	1536	1405	1406
1	679	420	421	1639	1798	1799	1800	2703
1	702	1639	784	1799	1800	2703	2024	2025
1	705	81	82	141	142	143	144	145
1	700	1268	1269	2512	2513	145
1	655	2570	2571	2870	2358	1431
1	560	1272	1273	1952	1953
1	713	3078	3079	3080	3081	790	95	264	265
1	485	264	265	96	97	1602
1	680	3085	3086	1137	1377
1	718	2034	2035	2362	2363	1494
1	561	1378	1379	1380	2140
1	672	2363	1494	1495	1607	1608
1	549	1826	1400	1401	183	184	185	186
1	628	2394	2395	2396	2397	1470	1471	1472	1473	1631
1	634	187	572	1535
1	582	997	998	2412	2413
1	488	431	1487	1488	2526	1372
1	717	1609	2422	2423	2364	2365	2882	2883
1	688	221	222	223	224	1668	2612	2613	332	333	334
1	669	335	336	393	394	395	396	397	398
1	583	339	340	341	342	343	558	559	560
1	627	1820	1821	612	819
1	651	399	400	401	1392	1393
1	598	350	351	352	409	410	2391	2392	2393	2394
1	527	670	671	627
1	598	2395	2396	2397	1470	626	1932
1	649	188	189	190	1634	1836	1685	1686	1687
1	576	908	909	910	911	912	913	914
1	669	83	84	85	86	87	88	89
1	717	141	3072	3073	3074	3075	36	37
1	654	429	430	1433	1434	1435
1	668	90	91	92	93	94	789	790	1649	1650
1	609	38	39	40	2641	1488	2526	1372	1373
1	600	432	433	2527	2528	1956	1957	1958
1	715	1647	1648	1649	1238	2529	2530	1849	1850
1	654	2329	2330	2331	2332	2683	2684	2685
1	659	2686	623	624	625	626	2631	188
1	583	1812	2425
1	534	2424	2425	2426	2427
1	710	1459	1460	511	512	513	514	515
1	636	610	611	612	613	614	615
1	710	1085	1821	612	613	818	819	820	821
1	586	2430	615	2790	2791	563	564
1	529	616	404	405	406	407	408
1	656	616	617	2330	2626	1259
1	703	518	1261
1	720	1674	1928	936	937
1	703	353	937
1	712	355	356	1262	1263	1630	1833	1834	1835
1	656	1630	1631	1632	1933	1934	1935	1936	2758	2759	2760
1	664	1937	1938	1939	1940	1941	1942
1	583	359	2762
1	583	2761	1840
1	702	1943	1944	1945	2702	2123	2124
1	713	2125	1949	2765	2419	2420
1	583	1844	1845
1	703	2639	2640
1	664	2196	2197	2198	2199	2531	2532	154	155	2473	2474	46	47
1	703	44	45	154	155	2473	2474	2533	2201
1	612	154	155	2473	2474	2475	1013	2590	2591
1	689	1491	1492	2363	1494	3030	3031
1	516	2594	2595	2596	3031
1	692	2615	2616	2617	2618	2619
1	620	2620	2621	2622	983	62	561	2329	2330
1	685	1658	1659	1660	1246	1247	644	645
1	664	2311	2312	644	645
1	550	450	2780	2781	2087	2088
1	536	1248	1249	1250	647	648
1	641	2089	332	3043	3044	335	336	2372	2373
1	710	649	1776	1777	2374	2375	2376
1	664	1778	1463	2377	2378
1	668	554	555	1464	1465
1	550	1615	3049	1388	1389	1619
1	695	556	557	344	2432	2433
1	664	985	986
1	608	987	988	989	990	991	992	1679	1680
1	536	2333	2334	1678	1679	1680
1	595	2335	1836
1	699	1681	778	779	780	781
1	717	1537	1538	782	783
1	664	2411	2412	142	999
1	553	1545	1546	1547	2129
1	575	786	787	788	789	790	1649	1955
1	554	1644	1645	1646	1487	1488	2526	2527	2528
1	717	1239	1551	3086	1242
1	687	1958	1959	2031	1913	3087
1	514	2132	2133	2134	797
1	567	798	2139	3088	3089
1	573	1243	1493	2036	2037
1	509	1275	1276	2531	2532	2200
1	497	331	105
1	618	331	2426	2427	2428
1	506	609	816
1	496	2787	934
1	506	1673	1260
1	617	567	568	2755	520
1	498	354	355	356	357
1	626	358	1839
1	498	360	2763
1	618	2764	325
1	617	324	1846
1	657	1662	1663	1664	1665	1666	1667
1	483	810	811	812	3043
1	657	2618	978	979	980	981	982
1	682	2687	2688	2689	2690	2691	939
1	719	2404	2405	2406	2407	2408	2699	2700	2701	2122
1	668	2703	2024	2025	425	1000	1001	1002	1003
1	720	1801	1802	426	427	428	88	89	90	91
1	674	1001	1002	1003	1004	1005	1006	1007	1008	788
1	677	789	3082	433	2527	791	792	793
1	710	2252	2253	2651	2652	2254	746	747	748
1	530	2042	687	749	750	751	691
1	710	749	750	751	2482
1	720	2483	2046	2217	2218	2219	2841	2842
1	710	2843	2844	65	2950
1	586	2112	2113	2230	2066	2067	2068
1	680	2228	2229	2230	2066	2067	2068	2069	2070
1	717	955	956	957	958	959	1437	1438
1	650	857	544	2240	2241	1322	2928
1	710	2927	1321	545	858	859	546
1	710	2240	2241	1322	2928	2929	2243
1	650	2244	2245	2246	2247	2248	2249
1	530	2246	2247	2248	2249	2250	2251
1	522	2650	1962	2253	2651	2652	2653
1	492	2946	2947	2948	2220	2221	2222
1	690	888	889	64	2845
1	702	2950	2951	2952	2107	2108	2109
1	706	2110	673	2956	2112
1	612	2072	2236	1167	1168	1313	1314
1	702	856	543	544	2240	2241	1322
1	675	1923	1201	1202	1203	1303
1	629	2388	2389	2390	2391	2392	2437	2902	2277	2278	2279
1	718	1532	416	1534	1682	1683	573	574	575	576	577	578
1	553	1600	1601	98	1960
1	589	2084	103	104	389
1	665	390	391	392	3045	1460	1461
1	683	2431	345	346	347	2894	2895	2793
1	695	1271	1544	1642	2523	2524
1	720	2303	2524	2525	2641	2642	152
1	620	522	523	3065
1	605	3066	3067	3068	3069	3070	3071	1842
1	537	952	953	2417	2418	2766
1	605	2922	2923	2924	2925	1646	1487	2642
1	660	2767	260	3017	3018	150	151
1	536	2535	2536	2537	2538	2539
1	535	3034	3035	2536	2537	2538	2539
1	649	230	231	1919	1920	1868	1869
1	626	108	109	1870	1871
1	713	1919	513	514	1869	236	237	238	239
1	629	823	824	2546	2547	825	826	827	828	829	830
1	545	1875	1876	1877	901
1	521	835	836	2339	2340
1	712	2339	2340	2341	2342	2343	1109	1110	1111	1112
1	521	1113	1114	1228	1229
1	713	257	2707	2708	3014	1120	1121	1122	1123
1	675	1117	1118	1119	3015	3016	1124	1125	2194
1	641	1232	1233	2770	2192	2193	2194
1	589	1918	232	233	234	235	1870
1	517	1565	2738	2154
1	611	1977	1978	231	232	233	110	111
1	512	2155	1521	1986
1	714	112	113	2745	1524	1525
1	555	1523	1988	1336	1337	1338
1	557	2161	2162	2163	2164	2165
1	538	1149	1876	1877	771
1	662	1339	1340	301	302	303
1	689	1029	1030	2170	77	3062	2444	2445
1	516	1152	3063	3064	2339	2340	2341
1	588	1152	1153	1214	1215	1216
1	607	904	192	193	2342	2343	2344
1	620	840	1693	1044	1045	1046
1	546	1743	1417	1360	1361	1362
1	588	529	530	2298	2299	2300
1	575	1047	1048	1426	1427	1428
1	662	1363	1364	1367	1368	1369
1	680	923	924	925	2876
1	540	1429	1430	641	148	149	1126
1	575	1370	1371	434	435	603
1	588	1127	1128	2467	2468	2469
1	662	2815	2816	2586	2587	2588
1	620	1762	968	383
1	647	2726	2727	2728	2729	2730	2731
1	550	2988	2989	1516	1517	1518	1519	1520
1	574	467	468	1089	1090	2160	1987
1	610	2167	2168	414	415	2906
1	552	2013	2014	2015	2016	2017	2018
1	711	195	79	2017	2018	2019	2020	2021
1	553	2878	1063	1129	217	743
1	647	880	881	882	883	2047	2101
1	533	1104	1105	1106	718	719	720	2856
1	536	1449	1450	1451	2826
1	553	133	420	421	1266	1267	1268
1	534	1821	2788	2789	403
1	521	407	1527	2752	2753	2754
1	535	1375	1376	3084	1240	153	154	155	156
1	711	1709	2728	2729	3038	1504	1505	1506
1	563	1501	1502	1503	3039
1	716	1457	1458	1459	1460	511	512	513	514
1	671	2266	171	172
1	651	170	1920	467
1	689	1522	469	470	1723	894	895	896
1	648	1574	1575	1576	769	770
1	604	1338	898	899	900
1	651	1528	1529	1207
1	596	2003	2004	2005	3062	2444
1	616	715	2446	2447
1	549	2445	2561	2562	2563
1	714	2564	2565	1415	1416	2453
1	608	2448	526	527	528	948	949
1	619	318	319	320	321	917	918	919
1	648	2454	2455	2456	3012	3013
1	671	920	921	922	258	259
1	616	603	329	330
1	657	1150	1151	304	305	306	307	308	2909
1	657	3018	3019	2877	2813	436	2645
1	675	2621	2622	2623	2624	661	662	663	348	349	178	179	180
1	573	1979	1980	1981	1982	1983	1984
1	573	248	249	250	251	252	253
1	619	1775	2319	2320	650	651	652	653	654
1	679	2276	1582
1	679	1586	1589
1	490	2628	2333
1	599	2933	2934	2672	2936	1181	1182	2832	2833	1328
1	599	1329	1330	1331	1332	1294	1723	1724	1725	1726
1	427	285	2489	2490	2491	760
1	480	761	16	894	18	19	20	21
1	427	1039	2349	2350	2351	2352	2353
1	435	2776	2777	271	272	273
1	411	994	995	996	2410
1	440	2599	2600	1664
1	471	2911	2912	2913	2914	2915	255
1	471	2383	2384	2385	1526	1824
1	471	1842	363	364	951	952
1	440	396	2323	2324	2325
1	458	1252	1253	1254	1255
1	458	1792	1793	1794	1795
1	555	2885	2886	2839
1	488	2670	2671	2935	166	1183
1	669	1099	1100	1101	3056	3057
1	701	632	846	847	3007	3008	681	1053
1	678	1142	1384	2827	1711	1712
1	647	1454	1455	1456	2093	2094	2095	2096
1	672	1996	1997	1530	2052	1881
1	697	2057	2058	2059	2060	2061	1036	1037	1157	1105
1	657	471	2747	2748	19	20	766	767	1578
1	703	2750	2751	1878	1879	1880
1	711	1892	1893	1894	1895	1307	1308	1309	1310
1	713	1696	1697	846	847	2297	1049	3011
1	694	874	875	2256	5	1078	7	2146	2147
1	659	1571	1572	2387	1299
1	694	582	583	584	585	586	587	588	589	2179	2180
1	587	1411	1412	3003	1744	205	2568
1	700	1865	2990	2991	2486	2487	2488	2489
1	641	1020	477	478	1346
1	536	680	536	537	1313	1170	1171
1	586	14	15	118
1	586	2501	2502	1888	1889	2503
1	586	2077	2078	505	506
1	679	1446	1447	1072	1073	1965
1	642	1496	1497	1498	1072	1073	1965
1	619	2666	2667	2668	2669	1965
1	608	1785	1786	1787	1094	18	19	765
1	672	2496	2497	2498	2499	298	299	1342	1343
1	594	1730	29	30	1733	1734	1735	1736
1	571	114	1787	1296	1297
1	661	665	2898	2899	3052	2051
1	641	1531	2168	2169	1732
1	712	1745	1746	637	638	639
1	703	1387	1082	3049	3050
1	679	34	1543	3076	207
1	500	1810	2081	1604
1	500	1605	1606	2082
1	667	1597	1598	1599	1600	1601
1	629	98	1240	1241	1603
1	560	103	104	389	2315
1	688	2085	2086	2316	2317	2318
1	693	2741	1570	1720	1721	1922	2893	2894	2895
1	720	2793	2794	2901	2902
1	696	1925	1926	2795	2796	2797	2798
1	606	2277	2439	2440	2441	2442	415	1533	1534
1	655	941	942	581	3001	80
1	561	781	1539	1540	1541
1	707	2704	2705	2706	2301	2302	2303
1	603	2304	372	2306	2307	1235	1236
1	672	2363	2082	2083
1	628	59	2379	2380	2381	2382	404
1	651	399	400	401	1466	1393
1	571	1400	1401	1468	1469	1470	626	627
1	531	188	2959	2960	1405
1	566	915	916	143	144
1	720	2090	1671	1459	3046	932	933
1	689	3047	3048	3049	2679	2680	615
1	616	565	566	519
1	558	1630	1474	1536	2961
1	616	2634	2635	2636
1	616	322	323	1951
1	697	2421	1847	1848
1	653	2641	1488	41	42	43
1	703	2592	2593	2202	2203
1	692	547	1661	1662	2605
1	685	1658	449	1246	645
1	717	1778	1083	2740	342	343
1	534	1402	1677	1790	1679	1680
1	559	2693	1403	1404
1	699	1837	1794	1795	1796	1797
1	683	1907	1908	1909	1647	1648	1649	1955
1	567	2128	1432	1955
1	709	1552	2031	1913	1914
1	506	388	930
1	497	2429	1822
1	498	935	936
1	497	2636	361
1	550	618	619	620	621	622
1	565	2699	137	138	139	2414	2514	2515
1	706	684	685	2040	2652	2210	2480
1	710	2214	2215	2216	884	885	886
1	710	2949	2844	702	66
1	710	2847	2848	704	2225	2226	2227
1	560	2969	1315	855	2239
1	530	853	540	2238	1319
1	492	1349	1350	1351	1352	1353	2234
1	689	1558	1559	1560	2732	2733	2734	1972	1973
1	682	2829	2830	2831	167	168	1566
1	629	367	368	369	1594	1595	2304	2305	2360
1	630	1265	1542	423	424	1270
1	599	2303	3078	3079	789	3082	3083
1	620	522	2338	3065
1	537	905	906	907	1688	1689
1	623	1218	1219	420	421	134	135	1841	1842
1	626	1917	507	1855	1856
1	521	510	107	232	233
1	521	240	241	2546	2547
1	589	256	1228	1229	1230	1231	3015
1	578	1556	1500	2730
1	714	2731	1561	1562	1563	1564
1	715	772	773	776	2443	2907	2908
1	572	2452	1224	1225	1226	1227	257
1	574	1741	2451	2452
1	647	2355	1312	852	1314	2970	2971
1	526	2479	2652	2254	2043
1	571	454	2941	2942	2483
1	560	2025	2026	2027	1543	146	147
1	632	1086	1087	1088	174	175
1	672	176	177	1396	1397	1398	1399	1827
1	632	1828	1829	1830	1831	1832
1	535	1375	327	328	2470	2471	2472	156
1	702	173	1089	1090	1091	1092	1573
1	554	1999	2000	2001	2002
1	691	1216	1217	1690	2448	2449	2450
1	719	2768	2769	2770	2773	2774	2775
1	513	552	647	648	649	2370	2371	337
1	513	2326	1393	1394	1395	178
1	649	799	800	801	802
1	573	591	592	593	594	595	596
1	482	1858	1508	2263	1976	1977
1	662	655	1288	1719	2743	2993	2994
1	679	1767	2782
1	679	1593	2029
1	679	2030	1553
1	679	1554	1555
1	627	1680	1681	1682	1683	1684	1685	1686	1477
1	490	643	1248
1	490	2127	1907
1	407	1161	2118	2119	2120
1	458	1481	2520	2521	786
1	702	755	12	13	14	891	16	1990
1	645	2495	762	763	2749	2750	1576	1097	1098
1	635	1291	1292	1293	1335	1989	1990	1991	1992	1993	1994	1995
1	687	768	1579	1580	412	413	2052	2053	2054	2055	2056
1	647	2282	2283	2284	2285	2286	2287	2288
1	715	115	1333	1295	1096
1	672	1360	366	485	486	487	488	1366
1	685	2569	1906	1803	370	1595	2304	2305
1	688	876	165	2673	2674	2675	1861	1862	1863	1864
1	717	847	483	484	485	2869	2572
1	553	2573	2574	2810	2462	2463	2464
1	586	2292	632	1698
1	708	2890	116	117	2496	2497	2660	2499
1	635	2149	1512	2151	2152	1921
1	571	2460	2461	501	1062	2879
1	647	2718	2719	2720	2721	1132	1068	1134
1	719	206	35	3076	1805
1	629	2900	1927	1675	2903
1	629	1543	1804	2028	1596
1	603	2366	2367	1771	1772	2369
1	690	664	1924	2435	2436	2391	2392
1	606	1220	1221	1411	1412	3003	2022	2023
1	641	2371	337	338	339	58
1	572	52	53	54	2321	2322
1	656	568	569	570	571	2632	2633
1	689	2962	2963	1637	1638	134	135
1	689	1491	3029	3030	3031
1	627	2522	2523	2524	263	1954	1955
1	617	1486	1910	1237	1238
1	719	2529	1010	3086	1242
1	720	806	807	808	809	2607	2608	224	1668	1669
1	692	660	2625	821	2332	2683
1	590	2208	2209	745	2041
1	710	2212	2213	692	693
1	710	2114	2231	2116	2117	722	2233
1	710	851	538	539	854
1	612	2223	2224	703	2849
1	603	72	73	74	3058	3059	3060	2007	2063
1	702	1163	1164	1165	1166
1	702	542	1320	544	2242
1	712	194	317	1742
1	689	1060	1061	502	212	1759	1760	1761
1	620	1762	382	383
1	716	1969	1970	1859	1860	2737
1	662	438	439	440	441	965	966	967
1	647	880	881	2098	2099	2100	2101
1	650	306	1153	1154	1155	1156	130	131	132
1	614	3040	3041	2092	2264	2265
1	689	2980	2981	2982	2983	2984	169
1	674	1028	1209	2005	713	714
1	674	1059	1060	1061	2812	602
1	662	2870	2358	2359	373
1	427	22	23	24	25	26	709	126
1	418	733	734	735	736	737	214	215
1	690	1784	1785	2891	2892	1572	473	474	475
1	713	1282	1283	1284	1182	278	456	457	458	459	460	2097	1515
1	647	289	290	291	292	293	294	295
1	703	1290	1291	1292	1195	1196	1197	1198	1199
1	684	2556	2557	2908	2559	2560	716	717
1	647	2817	2818	378	2820	2821
1	692	1281	1713	1714	1715	1716	1513	1514
1	496	114	115	1333	1334	17	1095
1	496	2553	2554	2555	1031	712	78
1	593	2800	2801	2802	2803	635	636
1	593	2308	2309	2580	2581	742	218
1	661	3077	1548	1549	1550	1911	1912
1	717	1609	1610	1245	450	2882	2883
1	660	815	610	817	818
1	690	1623	1624	411	1581	1676	1677
1	710	2847	68	69	70	71	2227
1	710	2071	2235	2967	2968
1	660	1354	1355	1356	1357	1358	1359	1418	848	849	850
1	702	66	67	2106	2953	2954	2955
1	702	958	1318	1319	1439
1	632	2779	1768	1769	1770	1771	1772
1	704	1974	2985	2986	2267	2268	2269
1	620	1666	1667	225	226	52	976	977
1	689	469	470	1334	17	895	896	897
1	708	1509	277	1183	1184	1185	1866	1867
1	660	2159	2160	2386
1	572	2346	2347	2348	586	2508	1695	2510	1223
1	671	1058	598	599	600	601
1	662	209	210	211	503	504	2079	2080
1	607	3005	531	532	2805	1052	682	683
1	607	1063	1064	2720	1131	1067	1068	1069
1	688	3022	3023	3024	3025	3026	1012
1	599	1727	1728	27	28	1032	2172	2173
1	446	2368	1284	1285	1286	1287
1	707	1040	1041	1042	1043	1044	3004	3005	3006	3007
1	677	2804	2805	681	2458	2459	1749	1750
1	661	213	214	215	216	2582	2583	2584	2585
1	608	2715	2716	2717	2718	1064	1065	1066
1	688	196	197	198	199	200	201	202	727	204
1	606	2880	2881	451	2142
1	717	1609	1610	1611	450	2882	2883
1	703	2408	2699	1946	2516	2517	2518
1	701	1615	1616	1617	60	659	983	984
1	713	1623	1624	1625	1626	1627	1789
1	702	693	694	695	696	697	698
1	702	2854	2855	2115	1162
1	568	1773	1774	2147	2148	2149	1512	1717	1718
1	715	1710	1711	1712	2937	2262	1975	1976
1	698	873	2976	2977	2978	2979	1507	1971	1972
1	427	1075	1076	1176	1177	1178	877	878
1	470	686	2654	2655	2211	2481	2213
1	658	1212	1891	311	312	313	314	315
1	720	439	1133	2817	2818	2819	379	380
1	669	1077	6	1079	2736	1510	280	281	282	283
1	636	726	203	728	729	1420	1421	1422	534	535
1	701	1636	1896	1897	1898	1899	2409	2410
1	611	2942	2943	2944	2945	752	753
1	718	775	2556	2557	2558	309	310	311
1	686	1055	1056	1057	2711	2771	1754	1755
1	710	2851	674	1034	1035	2062	2063	2064
1	714	2293	633	634	1425	2457	1053
1	713	2712	2713	2714	1753	1754	961	1756	1757	1758	1064	2466
1	682	1737	1158	720	721	2232	723	724	725
1	689	2962	2963	2964	419	134	135
1	720	2852	2853	75	76	3061	2061	2062	2063	2064	2065

MyIndex	Index	StartTime	EndTime	StartStation	Endstation
2	1244	110	244	3631	1453
3	803	115	132	4513	927
5	1173	131	227	1014	2993
6	804	137	228	927	1479
9	2932	167	273	1014	1823
10	1656	175	213	4718	6263
12	2823	182	311	2759	699
17	1657	213	239	6263	4377
18	805	228	230	1479	4446
19	1323	243	278	1014	1469
21	1916	263	365	3113	3631
22	1448	265	327	3480	6710
24	2725	272	352	1419	669
25	972	275	276	3638	2221
27	1324	278	294	1469	3125
33	929	298	405	3911	1453
34	1764	299	307	6116	5379
39	1499	314	387	3480	669
41	1765	316	360	5379	5398
43	2478	324	422	4475	3125
44	548	325	330	4377	4718
45	605	327	448	7181	1075
48	161	339	416	1756	1175
51	3033	348	421	3243	3631
52	1557	350	396	669	3152
54	219	354	394	4630	6263
55	973	354	442	2221	14
57	2534	358	428	508	3631
61	49	373	413	4630	6263
66	549	386	420	4718	3012
67	1015	389	451	1938	1175
68	2973	389	445	5498	3125
70	1708	392	506	3113	830
75	1766	407	437	5398	6116
77	550	420	434	3012	5078
78	871	424	485	4513	3870
80	1963	426	486	4621	5100
86	606	448	484	1075	997
92	642	458	493	997	1075
94	3036	466	512	5789	4185
98	2974	478	668	3125	2759
110	2824	531	571	699	5287
111	607	532	562	997	1453
123	2825	571	589	5287	3152
129	872	594	718	3870	5915
132	551	600	615	5078	3012
133	1852	606	637	1197	3243
134	1813	608	756	3139	4196
138	1143	646	722	3480	1419
147	2975	688	809	2759	699
167	2313	778	891	4377	5818
169	274	781	825	2759	1419
170	1853	783	850	3243	6888
176	220	812	844	6263	4718
187	1854	850	888	6888	3631
188	1174	852	954	2993	7331
194	2255	876	936	4621	5100
197	2314	891	989	5818	4196
199	508	896	927	3631	2925
204	608	908	1088	1453	3139
207	3037	921	967	4185	830
216	1	950	1038	2221	7331
230	1325	978	1036	3125	5498
236	1016	992	1056	1175	1938
243	2540	1012	1086	3631	3243
246	1857	1030	1054	3631	6888
255	2044	1045	1142	3125	4475
256	162	1052	1116	1175	1938
258	2656	1056	1072	4621	1175
259	452	1058	1110	6849	2759
261	1326	1058	1085	5498	4651
271	2657	1077	1151	1175	1756
277	509	1112	1141	2925	3631
281	163	1116	1117	1938	2993
286	453	1128	1322	2759	3125
311	1612	1175	1233	4377	6804
314	2144	1178	1230	6849	2759
334	974	1231	1266	14	2221
342	106	1252	1370	3139	3113
360	227	1285	1412	4718	3251
363	1816	1295	1353	4377	6804
368	2091	1309	1363	877	3113
379	2145	1336	1470	2759	699
393	975	1366	1509	2221	6296
408	2884	1406	1504	4718	2221
409	1080	1408	1460	1419	2759
410	228	1412	1414	3251	1453
419	1327	1439	1477	4651	1014
430	1670	1474	1561	4446	877
453	229	1540	1677	1453	3631
506	1672	1715	1953	1453	6116
518	931	1738	1845	3911	1453
519	2783	1739	1747	6116	5379
527	2784	1756	1800	5379	5398
528	879	1760	1788	4651	5498
530	2045	1764	1862	4475	3125
532	2541	1764	1856	3243	3631
534	813	1767	1888	7181	1075
537	1613	1777	1781	6804	6949
538	2658	1779	1856	1756	1175
548	1614	1791	1854	6949	4377
560	1251	1813	1961	4630	7191
564	553	1824	1880	4630	4377
567	1817	1825	1865	6804	2262
570	1017	1829	1891	1938	1175
579	2785	1847	1877	5398	6116
585	2542	1859	1888	3631	4185
586	284	1862	1898	1014	6900
592	2786	1877	1939	6116	3139
603	814	1905	1942	1075	997
609	2484	1918	2108	3125	2759
625	8	1971	2011	699	5287
640	2739	1999	2143	830	4196
641	9	2011	2107	5287	5100
713	1781	2239	2357	5915	5773
733	754	2292	2394	2993	7331
748	1569	2339	2483	3870	5915
756	1782	2357	2411	5773	7073
757	2272	2359	2620	4513	6116
802	1872	2470	2494	3631	6888
808	2543	2477	2515	4185	3631
815	2048	2485	2582	3125	4475
818	2659	2492	2556	1175	1938
824	1192	2498	2550	6849	2759
825	2102	2498	2525	5498	4651
829	516	2503	2621	1453	3911
836	1018	2517	2591	1175	1756
847	1783	2556	2567	7073	7331
850	1193	2568	2762	2759	3125
851	1256	2568	2643	7191	7181
854	1985	2569	2690	3243	830
877	1620	2615	2673	4377	6804
898	1873	2677	2749	6888	3243
905	1823	2692	2810	3139	3113
916	2327	2707	2771	4630	2221
934	1194	2762	2774	3125	1184
951	2328	2806	2949	2221	6296
969	2995	2845	2954	5915	2759
970	63	2846	2944	4718	2221
1012	822	2980	3117	1453	3631
1068	2996	3151	3201	2759	6849
1077	517	3178	3285	3911	1453
1078	2273	3179	3187	6116	5379
1087	2274	3196	3240	5379	5398
1090	2103	3200	3228	4651	5498
1091	1874	3204	3296	3243	3631
1092	2049	3204	3302	4475	3125
1095	1257	3207	3328	7181	1075
1098	1621	3217	3221	6804	6949
1099	1019	3219	3296	1756	1175
1105	119	3228	3253	6142	1722
1109	1622	3231	3294	6949	4377
1117	181	3243	3343	4780	7191
1123	1467	3264	3320	4630	4377
1125	2682	3265	3325	6804	4377
1126	2104	3269	3325	5498	3125
1138	2275	3287	3317	5398	6116
1162	2105	3335	3360	3125	4621
1163	2627	3338	3373	997	1075
1165	1258	3345	3382	1075	997
1170	120	3356	3379	1722	6142
1172	2050	3358	3548	3125	2759
1228	182	3528	3610	7191	4377
1306	2550	3729	3737	3631	5789
1324	2438	3779	3923	3870	5915
1353	705	3846	3862	4621	1175
1361	706	3868	3941	1175	1756
1364	2661	3872	3936	1175	1938
1368	3053	3879	3929	2759	6849
1377	246	3910	3934	3631	6888
1388	672	3922	4045	4238	3638
1391	1102	3925	4022	3125	4475
1398	3054	3938	3990	6849	2759
1400	707	3941	3996	1756	2993
1401	2756	3943	4061	1453	3911
1408	1347	3957	4031	1175	1756
1422	3055	4008	4202	2759	3125
1445	2904	4058	4110	6849	2759
1463	2692	4100	4158	960	4377
1468	247	4117	4176	6888	3243
1475	521	4132	4250	3139	3113
1498	2957	4195	4196	3638	2221
1506	2905	4216	4350	2759	699
1519	2958	4246	4389	2221	6296
1539	417	4285	4394	5915	2759
1540	628	4286	4384	4718	2221
1552	903	4319	4380	508	5789
1588	2336	4420	4557	1453	3631
1613	1475	4521	4588	4238	2354
1620	676	4547	4548	2993	1938
1625	2337	4557	4667	3631	3243
1636	2174	4593	4639	1823	2744
1644	2757	4618	4725	3911	1453
1645	1583	4619	4627	6116	5379
1651	1584	4636	4680	5379	5398
1653	479	4640	4668	4651	5498
1657	1103	4644	4742	4475	3125
1660	2398	4647	4651	7181	4446
1663	1348	4659	4736	1756	1175
1673	2662	4671	4740	1938	1175
1674	629	4674	4762	2221	14
1684	1791	4693	4841	4630	7191
1685	2504	4694	4720	6142	1722
1687	2910	4701	4723	4185	508
1688	993	4704	4760	4630	4377
1690	2694	4705	4765	6804	4377
1692	677	4709	4771	1938	1175
1699	837	4723	4788	3631	508
1702	1585	4727	4757	5398	6116
1709	524	4739	4768	3631	4185
1710	1038	4742	4778	1014	6900
1720	1476	4769	4874	2354	4238
1731	2505	4796	4819	1722	6142
1774	1478	4920	4935	5078	3012
1780	1407	4952	5045	4513	3152
1783	31	4966	5026	1419	2759
1795	3000	5008	5129	2759	699
1832	838	5112	5169	508	3631
1847	2175	5154	5291	2744	7331
1856	839	5169	5177	3631	5789
1877	2637	5228	5408	1453	3139
1893	254	5258	5368	3243	3631
1912	2176	5291	5451	7331	6849
1923	2663	5312	5376	1175	1938
1935	2916	5350	5374	3631	6888
1940	525	5357	5395	4185	3631
1947	480	5378	5405	5498	4651
1960	678	5397	5471	1175	1756
1973	2966	5448	5642	2759	3125
1998	1640	5495	5553	4377	6804
2002	2177	5498	5550	6849	2759
2024	1479	5547	5587	3012	4630
2025	630	5551	5586	14	2221
2029	2917	5557	5616	6888	3243
2036	362	5572	5690	3139	3113
2059	1903	5615	5673	4377	6804
2076	2178	5656	5790	2759	699
2090	2121	5686	5829	2221	6296
2115	590	5739	6046	699	3243
2119	481	5759	5797	4651	1014
2163	731	5927	6033	1014	1823
2211	1843	6058	6165	3911	1453
2212	1590	6059	6067	6116	5379
2221	1591	6076	6120	5379	5398
2223	2354	6080	6108	4651	5498
2226	1311	6084	6182	4475	3125
2227	2918	6084	6176	3243	3631
2229	1947	6087	6208	7181	1075
2232	1904	6097	6101	6804	6949
2233	679	6099	6176	1756	1175
2236	1905	6101	6155	6949	4513
2244	2664	6111	6180	1938	1175
2247	2073	6115	6147	3638	1938
2255	1480	6133	6281	4630	7191
2260	785	6144	6200	4630	4377
2262	1641	6145	6205	6804	4377
2263	2074	6149	6211	1938	1175
2275	1592	6167	6197	5398	6116
2295	2519	6211	6245	6296	5885
2302	2126	6218	6253	997	1075
2305	1948	6225	6262	1075	997
2311	2356	6238	6428	3125	2759
2328	954	6278	6401	4238	3638
2387	2357	6448	6569	2759	699
2406	1702	6504	6509	7331	3125
2421	1703	6532	6565	3125	6563
2447	1704	6604	6637	6563	3125
2466	1705	6652	6687	3125	6563
2471	371	6659	6803	3870	5915
2474	1643	6665	6783	5818	4377
2502	1706	6724	6757	6563	3125
2515	2075	6752	6816	1175	1938
2528	261	6790	6814	3631	6888
2540	1707	6805	6902	3125	4475
2543	1172	6812	6876	1175	1938
2544	262	6814	6913	6888	4196
2546	2076	6816	6925	1938	6142
2550	2972	6818	6845	5498	4651
2551	1274	6823	6941	1453	3911
2564	2665	6868	6941	1175	1756
2567	732	6874	6966	1823	1184
2575	208	6888	7082	2759	3125
2579	597	6889	7010	3243	830
2623	926	6997	7056	6888	3243
2629	326	7012	7130	3139	3113
2650	2130	7055	7113	4377	6804
2693	1436	7166	7264	4718	2221
2703	2926	7199	7264	4630	3638
2733	1489	7300	7437	1453	3631
2735	2195	7310	7444	3631	1453
2771	1651	7458	7599	4718	2354
2791	1009	7527	7648	7181	1075
2805	2131	7585	7645	6804	4377
2817	266	7624	7685	4513	3870
2820	375	7636	7694	2759	4778
2827	1440	7656	7671	4621	3125
2833	1441	7678	7868	3125	2759
2837	376	7694	7818	4778	6563
2844	2310	7714	7727	1419	4778
2848	604	7731	7850	5789	3243
2849	794	7733	7784	4446	3349
2863	927	7793	7869	3243	3631
2864	267	7794	7918	3870	5915
2870	99	7825	7892	4513	3870
2886	795	7878	7923	3349	6296
2887	1442	7888	8009	2759	699
2894	1135	7922	7924	1419	6849
2895	796	7923	8011	6296	7191
2899	268	7940	7947	5915	699
2900	377	7943	8032	6563	7331
2911	1136	8025	8111	6849	4513
2917	157	8063	8153	877	4446
2939	1763	8208	8300	669	1419
2941	3027	8219	8368	4718	3251
2944	158	8232	8285	4446	4238
2947	1653	8242	8262	4238	6263
2957	1138	8337	8384	4196	1453
2958	1014	8343	8507	3113	830
2961	48	8348	8530	1453	3139
2965	3028	8368	8420	3251	4196
2968	860	8406	8417	4621	1070
2969	2589	8418	8529	5789	3113
2970	969	8437	8446	830	3631
2971	2722	8445	8533	1014	2997
2973	381	8459	8533	3480	669
2974	442	8464	8528	1014	2997
2976	861	8474	8500	1070	4010
2977	1915	8495	8553	4377	6804
2978	2822	8529	8608	3480	1419
2981	2723	8542	8587	2997	3480
2982	2032	8544	8581	6849	3959
2983	443	8547	8593	2997	3480
2986	2476	8593	8685	877	4446
2987	1443	8595	8714	699	2759
2988	444	8596	8670	3480	669
2989	2033	8597	8657	3959	4513
2990	970	8600	8698	3631	3113
2991	2724	8619	8678	3480	6710
2992	445	8673	8818	669	830
2994	1139	8740	8877	1453	3631
2995	1490	8750	8884	3631	1453
2996	446	8818	8820	830	5789
2997	971	8903	9005	3113	3631
2999	862	8979	9049	4010	6563
3001	1654	9046	9070	6263	4377
3002	863	9049	9096	6563	4888
3006	1811	9118	9308	3125	2759
3009	269	9147	9287	699	2759
3020	2930	9294	9315	4621	1014
3022	1444	9328	9449	2759	699
3036	2646	9561	9607	4185	830
3040	384	9596	9843	5789	3480
3043	928	9652	9726	3631	3243
3046	2597	9673	9759	4196	4513
3050	2931	9682	9819	1014	2993
3054	270	9768	9962	2759	3125
3056	2204	9771	9771	1453	877
3058	1381	9772	9833	4377	4630
3059	2205	9772	9937	877	4238
3061	2647	9787	9789	830	5789
3062	160	9813	9837	4718	3012
3063	864	9816	9904	4888	2997
3065	2141	9843	9860	4513	927
3066	2477	9856	9886	4446	960
3067	385	9860	9906	3480	2997
3068	2648	9878	10025	5789	669
3069	447	9887	10036	5789	669
3070	1655	9892	9953	4377	4630
3071	386	9915	9965	2997	3480
3073	865	9929	10012	2997	7331
3074	3090	9935	9993	4377	6804
3075	2206	9937	9939	4238	4718
3076	387	9975	10059	3480	699
3078	3032	9990	10059	1453	960
3079	2207	10011	10080	4718	4513
3080	866	10012	10014	7331	1014
3081	867	10014	10058	1014	6900
3082	2598	10022	10080	4513	1419
3084	1445	10035	10080	699	2759
3085	2649	10035	10058	669	6710
3087	1140	10040	10080	3631	3113
3088	448	10043	10080	669	1419
3089	1961	10062	10080	3152	1419
