Costs	Duraton	Task_1	Task_2	Task_3	Task_4	Task_5	Task_6	Task_7	Task_8	Task_9	Task_10
1	506	81	12
1	499	156	157	158	159	160	161
10	461	1	2	224	225	226	227
10	674	334	335	336	337	338	339
10	451	4	5	6
10	598	281	282	283	284
10	515	10	11	12	13
10	429	88	89
10	701	55	56	57	58	59
10	572	7	8	9	56
10	638	62	63	64
10	693	151	152	153	154	155	293
10	655	228	229	230	231	232
10	649	323	324	325
10	492	14	15	16	17	18	19
10	683	148	149	150	62	63
10	428	20	344	345
10	563	22	23	24
10	652	196	197	198	199	200	201	202
10	636	305	306	242	243	244	245	246	247
10	569	242	243	244	245	246	247	248
10	391	36	37	38	39
10	717	42	43	44	45	46
10	609	23	24	25	26	270	271	272	273
10	672	210	211	212
10	524	260	261	262	263
10	710	204	205	206	207
10	705	270	271	272	273	274
10	599	27	109	110	111	112
10	675	31	32	33
10	368	322	323	324
10	654	308	309	310	311	312	313
10	680	219	220
10	690	123	124	125	126
10	502	95	96	97	98
10	283	50	51
10	679	59	60	61	149
10	607	68	69	70	71	72	73
10	691	77	78	79	80
10	306	340	341	342	343
10	706	117	118	119	120	121	122	123
10	524	65	66	67
10	708	90	91	92	93	208	209
10	440	318	319	320	321
10	696	203	114	115	116
10	623	107	108	271	272	273
10	663	181	182	183	184	185
10	596	235	236	237	238	239	240	241
10	709	127	128	129	130
10	417	190	191	192	193	194
10	536	143	144
10	455	314	315	316	317
10	672	326	327
10	515	295	296	297	298
10	491	297	298	299	300
10	68	221	222
10	666	249	250	183	184	185
10	483	275	276	277	278
10	489	278	279	280
10	569	28	29	30	145
10	709	113	114	94
10	245	99	100
10	678	82	83
10	681	151	152	153	333
10	339	48	49
10	355	264	21
10	620	145	146	147
10	170	171	172
10	680	306	307
10	190	168	169
10	715	223	268	269	27
10	672	230	231	232	233	234	235
10	156	266	267
10	712	301	302	303	173
10	484	329	330	331
10	582	175	176	177	178	179	180
10	129	327	328
1	478	290	291	214	186	187	188	189
10	604	74	75	76	77
10	661	34	35	332
10	434	223	3
10	492	138	139	140	141
10	662	292	162	163
10	401	133	134	135	136	137
10	518	283	284	285	286	287	288	289
10	650	303	304
10	673	158	159	254	255	256	257	258	259
10	388	52	53	54
10	667	68	142
10	458	84	85	86
10	466	40	41	218
10	697	213	214	215	216	217	218
10	542	251	252	253	160	130	131	132
10	236	164	165	166	167
10	457	101	102	103	104	105	106

MyIndex	Index	StartTime	EndTime	StartStation	EndStation1	
170	373	438	4630	3638
16	195	1205	1266	3638	4621
86	174	3059	3168	1938	6142
322	294	7636	7694	2759	4778
336	87	8740	8877	1453	3631
341	47	9725	9786	3638	4621
343	265	9843	9860	4513	927
345	346	10035	10080	699	2759
