Costs	Duraton	Task_1	Task_2	Task_3	Task_4	Task_5	Task_6	Task_7	Task_8	Task_9	Task_10
1	470	1333	1334	2504	2505	2506	1338
1	470	27	28	1355	1356	1357	32
1	462	2501	2502	6	7	8	9
1	462	184	185	1344	1345	1346	1347
1	462	1352	1353	2525	2526	2527	2528
1	462	2533	2534	1364	1365	1366	1367
1	462	2543	2544	1374	1375	1376	1377
1	462	1372	1373	52	53	54	55
1	435	3470	1586	3282	3283	553
1	446	2785	2786	2351	2352	2353
1	458	1921	3426	435	436	3427	3428
1	458	1855	1856	162	163
1	421	2889	2890	2459
1	401	1531	1532	1533	1534	1535	1536	1537
1	401	679	680	681	682	683	684	685
1	465	2097	2098	2099	2100	2101
1	461	2102	3159	3514
1	463	137	138	139	140	141
1	463	3383	3384	3385	3386	3387
1	438	3317	3318	2292	2609
1	463	3052	3053	3054	3055	3056
1	466	2201	2202	2203	940	941
1	475	3071	3072	3073	3074	3075
1	463	1118	1119	2202
1	438	1490	1435	265	266
1	448	2849	2850	2979	3157	3158
1	466	2790	1248	3560	3561
1	480	1913	1914	904	72	73	74	75	76	3530
1	471	3586	3587	3588	3589	3590	3591	988
1	395	3316	3388	3389	1945
1	680	15	16	187	188	189	190	191	22
1	500	185	186	2514	2515	2516	2517
1	680	2522	2523	197	198	199	200	201	2529
1	680	49	50	217	218	219	220	221	56
1	646	57	222	223	1380	1381	1382	1383	58
1	590	2554	2555	59	2557	2558	2559
1	650	2560	2561	2562	2563	2564	2565
1	530	2562	2563	2564	2565	2566	2567
1	582	2497	1389	2499	2500	1390	175
1	642	172	2498	2499	2500	174	3	4	5
1	702	2499	2500	174	175	176	177	178	179
1	672	180	181	182	183
1	642	2507	2508	2509	2510	14	15	16	17
1	672	192	193	1350	1351	2521	2522	2523	2524
1	522	2521	2522	196	29	30	31
1	642	202	203	1360	1361	1362	1363
1	702	1358	1359	1360	1361	36	205	206	207
1	702	1360	1361	36	205	206	207	208	209
1	672	210	211	212	213
1	642	1368	1369	1370	1371	48	49	50	51
1	702	128	129	894	895	896	897
1	708	554	3284	3170	762	3415
1	719	3293	3294	3066	2115	1970	1971	3361	3362
1	719	2661	2662	2663	2664	3431	3432	3433	3434
1	719	2396	2397	2398	1848	1479	1480	1481	2681
1	702	3045	3046	1479	1480	1481	2681	2682	2683
1	719	998	999	263	264	2919	2920	2921	3332
1	515	3345	3346	3347
1	694	2572	2573	558	559	1908	1909	2113	1706	818	819
1	668	3417	3418	909	910	911	912	2654	354
1	587	2656	2657	2658	2659	2660	2178
1	587	2824	2825	2826	2393	2394	2395	2597
1	587	101	102	103	2472	997	2353
1	694	2738	2739	3402	2094	2095	1952	1953
1	587	3507	3508	1253	1254	1255
1	683	2003	3169	1957	1958	1959	3286	2430	625	2112	2247
1	691	2248	1708	3526	3527	3528	3529	77	78	79
1	658	245	1463	779	780	781	1195	2454	2455	2456	2457
1	702	1529	1530	2769	2770	2771	2772	2773
1	695	1783	260	261	1848	1849	1850	1851	1852	1853	1554
1	690	2600	2601	875	876	877	878	2966
1	663	2197	1553	1854	995
1	624	2938	2939	2940	2941	2942	2943	2176
1	679	2177	2178	2179	2180	2181
1	615	2596	2597	2598	2599	2288
1	640	3087	3088	1782	1783	1784	1785
1	688	946	947	1571	1572	1573	3405	3406	1576	3408
1	715	113	3272	544	1861	1862	1004
1	672	1509	1510	1511	2875	2876	1514	1515
1	507	2489	2490	960	961
1	642	1198	1199	1200	2072	3436	3437	3438
1	717	2357	2358	2359	2619	2620	2621	2743	2744
1	654	1401	1402	1403	1404	1405
1	643	1406	1407	1408	1409
1	598	2881	1234	1235	1236	1237
1	643	1238	786	787	788
1	654	835	836	837	838	839
1	665	3093	3094	3095	3096	3097
1	643	840	1241	1242	1243
1	697	1311	1312	1313	1314	1315	1316	1317	1318
1	586	847	3102	3103	3104
1	494	1999	2000	2001	2241	2242
1	698	1697	2002	66	555	556	557	558	559	1908
1	689	1906	1907	1871
1	615	238	239	240
1	615	3248	3249	3250
1	671	3133	3134	3135	3136	3137	3138	3139
1	615	1054	1055	1056
1	650	3140	3141	3322	3323	1245	2297	2298	2299	1164	1165
1	615	2477	2478	2479
1	688	421	422	423	424	425
1	680	2161	2162	1711	1712	1713	1714	1715	1716
1	711	1920	1451	913	914	915	916	917
1	518	2877	2445	1520	1521	1722
1	573	2817	2818	2819	2271	2272	1833	2458
1	711	2952	651	2892	2893	2894	2895	2896
1	643	2674	2675	1049	1050	1549
1	698	1050	1733	1734	2286	2194	2906	2907	2908	2909
1	711	994	2289	2290	2291	2292	2293	2840
1	659	3319	3320	3321	1306	1745	883	884
1	652	877	1557	2913	2914	3558
1	698	885	943	2088	2089	2090	2091
1	704	3212	3269	3270	3271	114	115
1	711	945	113	114	115	116	117	1951
1	671	283	284	285	2808	2809
1	679	2810	2811	2812	2813	2814	2449
1	716	2945	2946	2947	2948	2949	1668	1669	1670
1	643	776	777	778	2887	2888
1	716	2283	2830	2831	2832	2833	2834	2835
1	616	1685	1942	1943
1	671	1063	1948	2847
1	674	2698	2699	2700	808	2412	3018
1	625	1993	687	688	2370	2371
1	706	3019	2415	2416	1327	1328
1	626	2799	2800	973	974
1	521	2870	136	2166	2167
1	713	2807	2873	2874	82	83	84	85	86
1	646	982	983	984	985	986	987
1	521	3381	3382	990	991
1	577	3315	3316	2603	2604	2605	2606	2607	2608	2609
1	574	2610	3051	2846	1065	1066
1	537	3176	3177	3178	1268	3236
1	612	1882	1883	1884	3583
1	537	88	89	90	3079	2767
1	660	2768	3377	3378	3379	3380	3381
1	537	1612	1613	1614	2345	873
1	537	2611	2612	2613	2614	2615
1	660	2616	890	891	3154	3155	3156
1	632	2767	2768	369	370	371
1	521	941	942	3213	3214	3215
1	488	3181	502	2064
1	714	510	511	512	513	514	515	516	517	1287
1	488	745	746	747	609	2851
1	606	232	2250	2251	2252	2253	2254
1	654	3179	3180	1033	1034	1035	1036	1773	1774
1	720	1974	1975	1976	1824	1825	862	3182	3183	1273	1274
1	654	91	92	93	94	3488	3489
1	698	381	382	383	736	737	738	1211	1212
1	654	1615	1616	1617	1618	1211	1212
1	684	383	384	385	386	387	2136	2137	2138	448	2202	2203
1	681	3452	3453	1434	740	741	742
1	571	456	457	458	459	460	461	462	2975	2976
1	654	743	744	3612	3613	3614	3615
1	711	2977	2978	2037	2038	2039	2040	2041
1	632	404	405	406	3274	3275	3276	3277
1	685	2635	2636	2637	2638	2639	2932	2933
1	717	2568	338	759	1590
1	712	339	340	341	342	343	344	345	277	278
1	643	273	486	487	488	346	347	348
1	536	2640	2641	2642	2643	2644
1	685	227	228	229	230	231	1139	1767
1	623	133	134	1087	1645	1021	1022	1089
1	664	279	496
1	717	1768	1769	497	498
1	715	772	773	503	504	505	865	866	2947	2067	3481
1	674	1036	1773	1774	2066	2067	2068
1	717	3187	2022	3303	3304
1	674	2723	3488	3489	155	156	157
1	595	925	1207
1	717	2778	306	1114	1115
1	630	309	2729	2730	2731	2732	2733
1	668	395	396	1799	1800
1	587	408	409	410	411
1	666	2853	2854	3463	1632	1633
1	671	1803	1804	1805	1806	2983	470
1	709	2794	2230	2231	413	3464	3465
1	498	1634	1635	330	331	332	333
1	588	335	336	337	272	893
1	655	1256	1257	129	811	812	813	814
1	680	130	131	814	1259	1260
1	656	1017	1018	1139	1140	2379	2646	2647
1	705	1261	1262	494	495	859	1593	1594
1	690	233	234	235	565	566	567	568	3360	1970	1971
1	693	2646	821	3040	3041	2115	2116	2117
1	598	767	768	3296	1146	769
1	680	428	429	430	3069
1	561	2382	1029	352	353
1	710	2010	1596	1597	1598	1599	1600	1601	2942	2943	2016	2017
1	527	861	862	863	864	506
1	586	2266	2267	2268	2269	2270	3430
1	716	507	1038	2336	2337
1	716	1477	731	2727	2728
1	655	2779	2780	2781	2782	2783	1426
1	551	800	1482	1483	1484	1485
1	646	310	311	312	1857	1858	2968
1	690	1161	1162	1163	2300	3327	3328	3329	3330	2919	2920
1	716	1795	1796	1797	1798	1491
1	716	1436	1437	267	268	269	1492	1493	1494
1	603	1438	1439	1440	1441	2791	2792
1	484	1495	1496	1497
1	693	466	467	1863	1864	545	2982	412
1	614	468	469	2627	2628
1	536	413	3464	3566	2927	2928
1	566	2929	2930	2753	2629	2235
1	680	2754	414	415	416
1	519	2236	3468	3469	475	476
1	589	619	2569	2570	2571	2572
1	717	919	435	436	3188	3189
1	658	3309	1540	1939	2957	2958	2959	2960	2961
1	717	1794	2732	2733	2734	2735	2736
1	527	2110	2111	628	629	630
1	575	631	632	1510	1511	1512
1	719	2163	2164	2165	2807	286	287	288	289
1	704	1919	1717	1718	290	291	292
1	715	3239	3240	2446	1457	2448	1923	1924
1	689	1719	1720	2879	3370	3371	3372	3373
1	619	1925	1926	1927	982	983	1928	1929	1930
1	640	3374	3375	3376	2460
1	601	1728	2897	2898	2899	1684	1941
1	717	665	2841	2842	3144	3145	3146	2083	2084	1947
1	490	887	888	889	2848
1	588	118	119	2748	2749	2750
1	620	2751	2423	2492
1	682	2014	2015	2815	2816	2817
1	703	2756	2374
1	703	2760	1092
1	703	2714	1271
1	703	1608	1981
1	703	1886	299
1	653	300	301	2776	2777	1152
1	616	3549	3550	1891
1	703	1890	2029
1	703	1984	3553
1	624	3554	3555	3556	2914	2915	2916
1	703	1988	2033
1	654	2142	2143	2144	2145	2034	2035
1	583	2032	1124
1	720	2036	1126	1992	1074	1075	1076	1077	320	321
1	703	322	323	324	325	2150	2151	1899	1900
1	589	968	969	970	971	972	973
1	589	981	982	983	3587	3588	3589	3590
1	589	989	990	991	992	1295	1296	2602	3388
1	482	3391	3392	3146
1	711	3524	703	704	705	706	707
1	573	708	709	710	711	712	713
1	614	146	147	148	149	150
1	573	3148	3149	3150	3151	3152	3153
1	657	1726	1727	2279	2280	2281	2282	2283	3597
1	657	1949	1950	2410	2411	2412	2413	2414	3513
1	695	810	620	621	813	814	1259
1	695	2381	2382	2383	2384	3068
1	589	921	440	441	442
1	589	314	315	316	3457
1	702	2981	546	547	2627
1	566	2149	324	325	2150	2151	3023	3024	3025
1	589	3280	2629	2630	752
1	677	489	490	491	492	493	1263	1264	1648	1649	1650	1651	1652	1653
1	662	1657	1658	1659	1660	1661	1662	1663	504	505
1	677	2262	2263	2264	2265	2018	2019	1275	1276	1277	1278	1279	1280
1	544	1281	1282	1283	1284	1285	1286
1	677	518	519	520	372	373	374	375	523	524	525	526	527	528
1	544	529	530	531	532	533	534
1	610	2212	2213	2214	2215	2216	2217	2218	2219	2220
1	676	1626	1627	1628	1629	1630	1631	1807	616	617
1	710	1767	1090	1144	1145	1970	1971	1972	1973	1974
1	550	3610	3611	3218	1216
1	498	2323	2324	2325	2326
1	506	2713	1091
1	497	2761	3582
1	498	2715	2762	2763	2764
1	626	1885	298
1	617	869	870
1	498	1887	1470	1471	1982
1	506	1983	2028
1	618	871	872	2346	3049
1	498	1985	1153	1154	2030
1	626	1893	1123
1	618	2031	1990
1	617	3456	317
1	654	305	306	733	734	735
1	509	1895	1896	2857	2858	1897
1	513	1817	2643	2644	2645	2250	2251	1648
1	679	2427	2005
1	679	2129	3602
1	679	3606	3564
1	679	3565	548
1	679	549	3281
1	651	1224	1225	1226	1227
1	509	1215	3219	1319	3106
1	599	2590	2591	1678	1679	2594	3198	3199	3200	3201
1	705	1177	1178	1179	1180	1181	826
1	705	827	3247	782	783	784	785	1239
1	465	1255	2924
1	477	699	3571	851
1	466	3577	492	493	494	1142
1	432	474	1867	3111
1	427	3531	3532	3533	3534	3243	3536
1	427	594	595	596	597	880	3500
1	471	2800	2801	2802	2803	2804	2805
1	560	1	2	173	1332
1	706	1329	1330	1331	174	2502	2503
1	680	3	4	1335	1336	1337	10
1	706	1339	1340	1341	184	2512	2513
1	560	2518	2519	2520	26
1	706	23	24	25	194	1353	1354
1	620	33	34	35	36	37	38
1	706	2530	2531	2532	204	1363	1364
1	530	45	46	47	214
1	676	2540	2541	2542	48	2544	2545
1	492	1342	1343	18	19	20	21
1	702	1348	1349	194	195	196	197
1	642	2549	1379	2553	2556
1	703	3414	3063	3064	3065
1	587	3288	3289	3290	3291	3292	3416
1	629	2738	2739	2740	2741	2742	2743
1	640	420	1961	1962	3525	3526
1	703	1878	1879	1880	1513	1514
1	677	1721	1722	1723	362	363	364
1	630	1834	1835	1836	1837	257	258	3439
1	677	258	2281	3596	1686	1687
1	684	3143	1061	1062	2691	2692	2693
1	653	2485	2486	2487	2488	2489
1	641	3284	3170	3171	3357	3358
1	655	3429	2820	1832	2273	2274	2275	2276	1932
1	715	651	3544	3545	3546	3085	3086
1	647	2473	2474	2475	2476	674	675	676	112
1	496	2304	2622	2623	2624
1	675	2457	2458	2277	2278	2461	2462	1681
1	705	3326	2301	2302	2303	946	1570
1	656	2004	815	816	817	820
1	633	577	578	579	580	2267	2268	1193
1	583	1758	1759	1760	1761	1762
1	680	3140	3141	3142	3207	3208	3209	3210	1562	1563	1564
1	691	1568	1569	1570	948	949	2480	951	3220
1	679	3125	785	828	829	830	831	832
1	590	3034	3035	3525
1	644	2464	2465	992	993
1	590	2910	2911	3393
1	683	2295	2689	2690	886	944
1	573	3559	1249	2405	2406	2696
1	662	2311	2312	693	694	2420	2421	2422
1	691	2836	2837	2838	2839	2294	2843
1	687	2801	2802	2803	2156	2157	3576	856	857
1	521	87	3584	982	983
1	612	1468	1469	1610	1611
1	521	3224	849	850	851	852
1	521	1142	2871	2872	1881	1882
1	672	521	522	376	377	378	379	380	2345
1	521	1292	1293	1294	3445	3446
1	672	449	450	451	452	453	454	455	2614
1	711	1019	1020	1646	1647	1265	1266	1267
1	698	2255	2256	2257	2258	2330	2331	2332	1773	1774
1	684	513	1043	1044	1045	372	373
1	606	3085	302	303	304	2343	2344
1	668	3476	3477	3478	3479
1	690	1830	1831	2821	2124	1199	2722
1	668	1038	1039	923	924
1	630	3305	3306	3307	3308	1841	2776	2777
1	623	1202	1150	1151
1	668	731	732	1208	1209
1	550	1478	2680	2399	798	2079
1	664	1429	1430	393	394
1	638	606	607	1003	3273	2852
1	570	1623	1624	1625	463	464	406	407
1	720	3460	465	2793
1	716	1968	3476	1821	860
1	669	2667	2668	2669	652	2392	2775	1842	1843
1	702	1148	1149	1474	1475	1476	1844	1845
1	693	1844	259	794	795	796	797
1	706	1844	1845	1846	1847	3046	98	1850
1	560	3047	3048	2347	2348
1	561	2969	397	398	543
1	624	2962	2963	2964	2965	1791	1792	1793
1	714	3355	3356	3172	3173	3174
1	714	1931	1932	2953	2954	2955
1	517	2956	1550	1551
1	711	2200	3556	2844	2845	2087
1	714	1070	1071	1072	1073	1074
1	706	427	1595	2011	2012	2013
1	670	3542	3543	652	653	654	655
1	512	1426	2349	2350	2787	2788	2789
1	553	2483	2625	545	1498
1	702	2375	2376	134	1087	1088	1023	1024	1025
1	593	134	135	856	3174	3175	1143
1	616	867	868	1609
1	702	1472	1473	1203	1204	1109	1110
1	593	1203	1046	1047	1048	2676	2677
1	616	3454	3455	1989
1	586	3457	3458	3459	3460	3461	3462
1	697	2146	318	319
1	689	2228	2229	2795	2626	2232	2233
1	589	2806	2166	2167	2168	2169	142
1	574	431	432	433	434	920
1	528	443	444	2073	2074	2075
1	631	447	1157	1158	161	313
1	486	1625	463	2223	2224	2225	612
1	677	2136	1158	1159	1160	1486	1487	2206	2207	2208	2209	2210	2211
1	586	1243	1244	1748
1	506	2372	2373
1	618	2711	2712
1	497	2757	854
1	679	2009	2118
1	679	2122	2125
1	667	842	843	3007	3008	3009	848
1	590	11	12	13	2511
1	702	3295	3296	1146	3362	3363	3364
1	702	1000	2968	3331	3332	3333	3334
1	712	169	170	2925	2926	2985
1	664	2939	1516	1517	241	3424	3425	1922	1097
1	664	1934	1680	2463	3310	3311	2284	2285
1	655	1555	1556	1557	1558	1559	1560	1561
1	712	244	1414	648	649	650
1	709	2441	2442	2443	2444	1451	1452
1	576	1838	2187	2188	3440	3441	1051
1	685	3009	3010	3011	3012	3013	3014	3015	3016	2364	2365
1	596	2243	419	626	627	68	1873	562
1	666	1455	1456	2587	2588	3244	3245	3246	3247
1	679	3494	3495	3496	3497	3498	3499	2686
1	671	2697	686	2362	2363	3017
1	641	2170	2171	2172	2173	2945
1	720	1536	1537	1538	1539	2828	2829	3312	3313	3314
1	632	3236	3237	3238	2062	2063
1	664	1593	1594	3297	3298	3299	770	771
1	573	1969	1146	3067	3300
1	692	499	500	501	502	3184	3185	3186
1	715	2080	2139	1433	1434
1	485	466	809	3340	3341
1	689	1586	1587	1588	894	3471	815
1	702	1093	1094	1272	3184	1606	1607
1	624	1272	774	775	295	296	297
1	657	2469	2470	2912	104	105	106	107	1064
1	695	2076	2077	2078	799	446
1	657	1654	1655	1656	2259	2260	2261
1	470	2534	2535	2536	2537	2538	2539
1	388	608	1125	747	609	2979	2980
1	530	39	40	41	42	43	44
1	694	570	571	572	573	3423	242	1520	2388	2389
1	683	2671	2672	2673	1729	1730	1731	1732
1	647	2623	1322	2706	2707	2708	2313	2710
1	622	2484	2417	1326	1327	2752
1	700	1788	1789	1790	879	3098	3324	3325
1	650	105	3394	3211	109	110	111	2356
1	633	1395	1704	1705	2114	3038	905	906
1	685	1181	1182	1183	1184	1185	1186	1187	1188	1189	1190
1	682	908	3419	3420	3421	3422	574	575	576	3535
1	616	1057	1058	1059	1060	3394	3395	3396	3397
1	700	1320	2365	2366	1580	1581	1582
1	702	912	2654	2655	355	356	357	358	359	360
1	702	2891	2670	2671	3194	831	832	833	1682	1683
1	667	2092	2093	948	805	806	807	2701	3016	3017
1	573	893	894	1258	3472
1	706	1478	2680	445	1427	1428
1	689	2158	2159	2160	1917	1918
1	620	2751	2491	2492
1	704	2827	2282	2283	3597	3598	3599
1	689	2917	2918	3331	1859	1002	608
1	594	3284	3285	1960	2111	628	3037
1	688	1786	1787	1739	1740	1741	1742	1743	1744	1307
1	700	2244	2245	2246	1910	1874	563	564
1	682	2431	2432	2433	2434	2435	2436	1916	426
1	589	1946	2085	2086	1067	1068	3057
1	599	3202	3203	3204	3205	3206	1745	1746	1747	802
1	671	1786	1300	1301	1302	1303	1304	1305	1306	996
1	716	236	237	636	1449	1450	2938	1515
1	698	2650	2057	2058	2059	2060	2061	2175	918
1	716	557	2574	2575	2576	2577	2578	2437	2438	2439	2440
1	683	1682	1541	1542	1543	1544	1545	1546	1547	1548	1735	2287	2195
1	427	1102	1103	1104	3193	3194	3253	3254
1	661	2702	1579	2367	2368	1007	1008	1325
10	702	2550	2551	2552	1386
10	639	63	64	65	1699	1700	1701
10	661	677	678	679	3057	3058	3059	3060
10	664	417	418	2241	2050	2990
10	673	822	823	824	825	3119
10	664	657	658	659	660	1689	1690	1691
10	664	1308	1309	1310	1752	1753	1754	1755	1756	1757
10	715	1602	1603	1604	1605	3185	716	717
10	715	1303	598	599	600	1432	2140	2141
10	719	2703	3106	3107	3108	171
10	702	1105	1106	1107	1108	1205	1206	1111	1112
10	710	3515	1994	1995	1996	1997
10	505	1811	2931	1813	1814	1815	1816
10	697	2466	2467	2468
10	541	3223	3224	3225	2322
10	267	2045	2046	2047
10	679	3301	1828	1829
10	630	1210	1211	1212	1213	1214
10	666	471	550	551	552
10	690	1012	1013	1014	1015	1016
10	231	1592	1770	1771
10	557	1866	3567	3568	1640	1641
10	432	474	3347	3348
10	464	1955	1956	1588	1589
10	374	959	960	961	962	963
10	702	3562	3563	1860	2922	2923
10	459	801	3262	3263	3398
10	711	168	3335	3336	3337
10	679	1892	3050	3556	3557	1560
10	695	2857	2858	326	327	328	329	3466
10	662	1078	1898	2152	2153	2154
10	662	1901	1902	1903	1904	1905
10	651	976	977	978
10	661	3593	3594	3595	2900	2901	2902	2903	593
10	150	979	980
10	497	3160	3161	3162	3163
10	718	713	714	715	1095	1096	1097
10	646	1804	1805	1806	1807	3278	3279
10	626	3232	3233	3234	3235	2329
10	715	2135	535	536	537	538	539	540
10	679	402	403	3616	3617	3618	3619
10	242	964	965	966	967
10	704	275	276	277	278	349	3474	3475
10	678	1217	1218	1219	1220	1221	1222
10	654	2147	2148	547	3342	3343
10	695	3302	2069	2123	2822	2823
10	695	730	1478	1849	99	100
10	655	1772	1773	1774	1775	1776
10	491	3110	3413	2797
10	716	1080	1081	1082	853	2758
10	716	1121	1122	1894
10	700	1228	1229	1230	2994
10	717	1175	1176
10	605	1446	1447	1448	637	638	639	640
10	710	1444	1501
10	672	1500	1501
10	648	3027	3028	3029	3030	3031	3032	3033
10	645	2053	2054	2055	2056	2651	2652	2653
10	575	1387	1388
1	427	1702	1703	1763	1764	1911	1912
1	500	215	216	2546	2547	2548	1378
1	710	2554	1384	1385	60	61	62
1	679	3043	439	2070	3044
1	664	2305	2306	2307	2308	2309	2310	2311
1	607	1522	1523	1524	1525	1526	1527	1528	1197
1	691	1194	248	249	250	251	252	253
1	605	852	1083	1084	1085	1086	135
1	697	3228	3229	2934	762	763	764
1	526	3070	2065	3072	3073	2020	2021
1	691	108	3268	2617
1	595	1643	1644	2377	2378	1141	3578
1	689	718	719	2070	2071	1148	1149
1	702	1155	1156	3554	1431	601	602
1	696	609	610	611	2226	2227	2855	2856
1	689	2234	3026	472	473	415	753
1	703	1464	1465	1671	1672	1673
1	711	1724	1666	1667	1466	1467	2768
1	685	2635	892	2638	2639	2932	2933
1	687	96	97	3599	3600	3601	2400
1	655	437	438	439	922	2721	1200
1	683	3190	3191	3192	2184	2185	2186	1839	1840
1	599	1869	1870	1871	1872	69	2579	2580	2581	2582
1	688	2182	2183	2184	253	1676	1677	2592	2593	3197	2595
1	594	1453	1454	1518	1519	243	244	245
1	698	3080	3081	3082	3083	3084	1289	1290	1291
1	657	701	702	3036	1709	1710	284
1	650	255	256	1935	1936	1780	1781	3089	3090
1	694	2704	2705	1323	1324	123	124	125	126
1	657	2173	2174	293	294	2450	1725
1	641	1069	2618	2619	2095	2096	2097
10	692	3344	2796	3412
10	495	2797	1499
10	661	80	81	82	142	143	144	145
10	707	67	68	69	1399	1400	1504	3116	3117	3118
10	664	1415	1416	1417	1418	1419	1420	1421
10	587	581	582	583	1147	2338	2339
10	703	3105	953	954	955	956	957	958	2103
10	601	2104	2105	2106	2107	2108	2109
10	233	1583	696	1585
10	405	1128	1129
10	308	2632	2633	2634
10	529	2317	2318	2319	2320	2321	3226	1642
10	710	3473	350
10	611	158	159	160	392	393
10	692	1801	1802	1803
10	655	2385	2386	2387	2388	2389	2390	2391
10	660	550	753	754
10	713	2155	3521	3522	975
10	463	2493	2494	2495	2496
10	715	262	2684	2685	2686	2687	668	669	670	671	2475	2476
10	608	1865	1866	3567	3568	334
10	348	2798	700
10	519	3160	3161	3516	3517
10	629	2334	2335	2336	2023	2024
10	669	2973	2974	2221	2222	2223	2224	748
10	717	613	614	615	2042	2043	2044
10	707	726	727	728	729	2340	2341	2342
10	163	2861	2862
10	553	1991	1127
10	614	2759	1026	1027	1028	351
10	591	1131	1132	1133	1134	1135	1136
10	708	724	725	1287	1288	3547	3548	926	927	928
10	663	2134	2135	388	389	3452	3453	2081	2082	3147
10	719	2424	2425	2426	2427	2428	812	622	623	624
10	676	2119	2120	2121	2122	720	721	722	723
10	669	2126	2127	2128	3550	3551	3552
10	660	3603	3604	3605	3606	3607	3608	3609
10	660	1777	1778	1779	3001	3002	1240
10	628	3112	3113	3114	1911	902	903	1915	3039
10	718	3120	3121	3122	3123	365	366	367	368
10	696	3028	2988	2989	2051	2052
10	704	2999	3000	589	590	591	592
1	637	1707	2937	3359	569
1	658	2189	2190	2191	2192	2193	1736	1737	1738	661
1	683	359	360	361	2950	2951
1	534	131	132	1591	2643	2644
1	698	2737	2738	2359	2360	2361	1951	1952
1	690	2943	2944	2945	1665	2451	2452
1	682	662	663	664	2471	2295
1	496	3320	2967	2473	1247
1	717	1965	765	766	2648	2649
1	479	1933	2774	656
1	593	1442	1443	1005	1006	3338	3339
1	680	1396	1397	1398	70	71	72	1877	633	634	635
1	712	3522	3523	3524	1963	1964	819	820	705	706
1	683	761	2935	2936	2249	1966	1967	2380
10	681	3435	584	585	586	587	588	790	791	792	793
10	650	2354	2355	1168	1169	1170	1171	1172	1173	1174
10	630	2453	1196	3124	3125	3126	3127	3128	3129	3130
10	690	2418	2419	1009	1010	1011
10	472	2315	2236	2237
10	594	3195	3196	834	835	3001	3002	3003
10	354	695	1584	697	698
10	594	749	750	751	2631
10	670	1037	508	509	3076	3077	3078	3079	2767	2768	3377	3592
10	714	1619	1620	1621	1622	399	400	401
10	657	2049	1393	1394	560	561	1765	1766
10	708	3226	3227	3228	3229	3230	3231
10	633	3518	3519	3572	3573	3574	3575
10	717	1806	1807	1808	1809	1995	2860
10	521	1977	1978	1979	1980
10	696	1120	605	541	542
10	711	2327	2328	1269	2716
10	691	755	756	757	758	759	760
10	686	2717	2718	2719	2720	1040	1041	1042
10	688	1987	603	604	605	2970	2971	2972
10	653	1820	1821	1822	1823	1824	1825	1826	1827
10	716	2026	2027	1986
10	712	1692	1693	1694	1695
1	703	3442	3443	3444	1552	1299
1	550	742	2614	3216	3217
1	713	1830	1831	2665	2666	1201
1	608	936	937	938	939	2204	2205	1488	1489
1	661	3241	3242	1410	3369	1190	1191	2882	2883	2884	2885	2886
1	705	3401	3402	3403	3404	952	953	954	1321	120	121	122
10	696	898	899	900	3115	1505	1506	1507	1508
10	679	164	165	166	167	1001	270	271
10	703	1052	1053	3493	3494	3495	841
10	662	3164	3165	3166	3167	3168	3169
10	632	1638	1639	3569
10	670	95	96	2345	873	874	1944	3390
10	599	2238	2239	2240	1698	66
10	681	3020	3021	3022	2859	1809	1810
10	651	1812	273	274
10	705	1637	1638	1639	2755
10	701	2025	1113	307	308
10	711	1749	1750	1751	1752	1753	1754	1695	1696
10	701	855	856	857	858	3579
10	711	2765	2766	1469	1888
10	565	3467	1636	1637	414	2316
10	705	3487	3488	3489	3490	3491	3492
10	669	2006	2007	2008	3580	3581	1270
10	720	2987	2988	174	1391	1392	1393
10	712	2991	2992	2993	1231
10	712	1422	3257	3258	3259
1	713	1674	1675	254	3251	3252	789	1937	1938	3440	3441
1	674	881	882	1246	2474	3210	1562	1563	1564	1565	1566	1567
1	698	1940	1941	1295	1296	1297	1298
1	698	3447	3448	3449	3450	3451	390	391	392
1	662	666	667	2688	2296	2297	2298	3264	3265	3266	3267
10	487	3349	3350	3351	3352	3353	3354
10	668	1053	3091	3092	840	3004
10	715	2401	2402	2403
10	696	739	2403	2404	1250	1251	1252
10	638	469	2984	2985	3411
10	680	3399	3400	950	2481	2482	3510	3511	3512
10	715	151	152	153	154	374
10	705	1034	1035	3480	1664	3585
10	701	1137	1138	1086	1087	280	281	282
10	667	641	642	643	1411	1412	1413	1098	1099	1100	1101
10	687	929	930	931	932	933	934	935	936	937
10	701	1502	1503	901	1875	1876	906	907
10	720	3005	3006	844	845	2695	2407	2408	2409
10	674	803	804	1574	1575	3407	1577	1578	1579	3221	3222
10	712	2995	2996	2997	2998
1	607	2745	2746	2747	689	690	691	692	2709	2314
1	711	669	3099	3100	3101	843	1166	1167	2694	846
1	599	2583	2584	2585	2586	2447	1458	1459	1460	2589
10	706	3509	3510	119	120	2369	3339	3409	3410
10	707	2333	1039	3482	3483	3484	3485	3486
10	610	477	478	479	480	481	482	483	484	485
10	535	2863	2864	2865	2866	2867	2868	2869
10	720	3131	3132	2904	2905	1688	2196	2197	2198	2199
10	704	1232	1233	1461	1462	246	247
10	709	3260	3261	670	671	672	673
10	705	3501	3502	3503	3504	3505	3506	1440
1	593	2878	2879	2880	2881	1192	646	647
10	706	1818	1819	1820	1030	1031	1032	1033
10	694	2724	2725	2726	2727	1116	1117
10	701	1079	758	225	226
10	677	1889	2678	2679	2130	2131	2132	2133
10	623	3537	3538	3539	3540	3541	3542
10	705	3255	3256	1423	1424	1425	2784	1853
10	711	3042	3365	3366	3367	3368	644	645
10	706	3570	3571	3520	3521	3522	975
10	696	224	893	2428	2429	3287

MyIndex	Index	StartTime	EndTime	StartStation	Endstation
7	2048	131	227	1014	2993
11	1868	167	273	1014	1823
63	1223	354	442	2221	14
333	1445	1077	1151	1175	1756
3353	3061	7793	7869	3243	3631
3461	3109	8328	8522	2759	3125
3566	3062	9652	9726	3631	3243
3573	127	9682	9819	1014	2993
3577	2986	9768	9962	2759	3125
3579	1998	9770	9827	3631	508
3591	618	9856	9886	4446	960
3612	1954	10035	10080	699	2759
3615	1130	10040	10080	3631	3113
