Costs	Duraton	Task_1	Task_2	Task_3	Task_4	Task_5	Task_6	Task_7	Task_8	Task_9	Task_10
1	470	1333	1334	2504	2505	2506	1338
1	470	1343	1344	2514	2515	2516	2517
1	470	27	28	1355	1356	1357	32
1	462	2501	2502	6	7	8	9
1	462	184	185	1344	1345	1346	1347
1	462	2511	2512	18	19	20	21
1	462	1352	1353	2525	2526	2527	2528
1	462	2533	2534	1364	1365	1366	1367
1	462	214	215	2545	2546	2547	2548
1	462	1372	1373	52	53	54	55
1	449	582	583	3434	3435	3436
1	465	2354	2355	2356	2357	2358	1439
1	479	2445	1520	2388	2389	2390	2391
1	479	1933	1934	2594	654	655	656
1	479	3320	1792	1793	2788	2789	2790
1	436	1010	697	960	961
1	400	1671	1672	2277
1	401	1531	1532	1533	1534	1535	1536	1537
1	421	3269	3270	2697
1	401	679	680	681	682	683	684	685
1	465	2097	2098	2099	2100	2101
1	463	137	138	139	140	141
1	463	3585	3586	3587	3588	3589
1	463	3383	3384	3385	3386	3387
1	438	3317	3318	2292	2609
1	477	699	3519	851
1	471	774	775	295	296	88
1	471	3555	3556	2914	2915	2611
1	425	225	226	227	228	229	230	278
1	432	474	3347	3111
1	435	3595	1684	1941
1	448	2849	2850	2979	3157	3158
1	440	3506	1440	1441	2791
1	427	1102	252	253	3250	3251	3252	3253	3254
1	450	3415	3293	3294	3295
1	432	2375	2376	2377	2378	1141	3578
1	395	2169	142	143	980
1	471	3586	3587	3588	3589	3590	3591	988
1	395	3316	3388	3389	1945
1	458	1013	1014	1015	3230
1	458	1819	1820	1821	1822
1	458	2334	2335	2336	2023
1	412	1620	1621	2971	2972
1	440	480	481	482	483	484	485
1	381	525	526	527	528	529	530	531
1	407	1392	1393	1394	560	561	1765
1	407	3128	1103	1104	1105	1106
1	680	3	4	177	178	179	180	181	10
1	680	15	16	187	188	189	190	191	22
1	680	2522	2523	197	198	199	200	201	2529
1	680	37	38	207	208	209	210	211	44
1	680	49	50	217	218	219	220	221	56
1	500	215	216	1375	1376	1377	1378
1	706	57	222	223	1380	1381	1382	1383	1384
1	590	1379	1380	1381	1382	1383	1384
1	710	1381	1382	1383	58	59	2557	2558	2559
1	650	1383	58	1385	60	61	62
1	650	2560	2561	2562	2563	2564	2565
1	530	2562	2563	2564	2565	2566	2567
1	582	2497	1389	2499	2500	1390	175
1	642	172	2498	2499	2500	174	3	4	5
1	522	174	3	176	1335	1336	1337
1	702	2507	2508	2509	2510	14	185	186	187
1	672	192	193	1350	1351	2521	2522	2523	2524
1	672	202	203	1360	1361	36	37	38	39
1	702	1358	1359	1360	1361	36	205	206	207
1	672	212	213	1370	1371	48	49	50	51
1	582	1368	1369	1370	1371	48	2544
1	642	2549	2550	2551	2552	2553	2554	2555	2556
1	719	3470	1586	1587	1588	3064	895
1	702	128	129	894	895	896	897
1	703	3066	3296	1970	1971	3361	3042
1	702	3295	3296	1970	1971	3361	3362	3363	3364
1	719	2661	2662	2663	2664	3431	3432	3433	3434
1	679	3043	439	3431	3432	3433	3044
1	703	2398	3046	1479	1480	1481	262
1	702	3045	3046	1479	1480	1481	2681	2682	2683
1	719	998	999	263	264	2919	2920	2921	3332
1	703	263	2968	2919	2920	2921	168
1	702	1000	2968	2919	2920	2921	3332	3333	3334
1	500	3345	3346	1867
1	694	2572	2573	558	559	1908	1909	2113	1706	818	819
1	627	3417	3418	909	910	911	912	2654	2655
1	671	2013	2014	2015	2176	2177	2178
1	587	2656	2657	2658	2659	2660	2178
1	642	2179	2180	1197	2274	2275	2823	2824	2825
1	587	101	102	103	2472	997	2353
1	587	3507	3508	1253	1254	1255
1	707	1520	1521	1522	1098	1099	1100	1526	1527	1528
1	702	1529	1530	2769	2770	2771	2772	2773
1	690	1557	104	105	106	107	108	109
1	720	2312	2709	2417	2418	2419	2488	2489
1	713	3282	3283	553	554	3284	3285	3286	2430	2431
1	615	2596	2597	2598	2599	2288
1	718	2596	2396	2397	1785
1	640	3087	3088	1782	1783	1784	1785
1	647	2623	1322	2747	689	690	691	692	2313	2710
1	622	2484	2485	1326	1327	2752
1	676	2002	66	555	556	2244	2245	2246
1	714	1417	1418	1419	250	251	252	253	1676	1677	2592	2593
1	685	1788	1056	3140	3141	3206	667	2688	2296	2297	2298	2299
1	700	1571	1572	1573	1574	3337
1	659	693	1582	1009
1	676	2486	2419	1583
1	671	2486	2419	695
1	507	2489	2490	960	961
1	532	3167	3168	3169	1957	1958	1959
1	642	1198	1199	1200	2072	3436	3437	3438
1	702	2050	899	900	901	902	903	2438
1	617	1504	1402	1403	1404	1405
1	652	825	1407	1408	1409
1	598	2881	1234	1235	1236	1237
1	703	781	3248	3249
1	643	1238	786	787	788
1	620	3126	3127	1778
1	702	1420	586	587	588	790	791	1542
1	654	835	836	837	838	839
1	643	840	1241	1242	1243
1	598	1747	1748	1749	1750	1751
1	700	1567	1568	1569	947	948	2479	2480	951
1	586	847	3102	3103	3104
1	634	3164	3165	2240	2241	2242
1	583	1758	1759	1760	1761	1762
1	494	1999	2000	2001	2241	2242
1	570	1697	2002	1699	1700	1701	1702	1703
1	615	1906	1907	1908
1	705	1448	1449	1450	2938	2939	2940	573	574	240
1	615	238	239	240
1	517	1455	1456	2447	1458	1459	1460	1461	1462	246	247
1	671	3133	3134	3135	3136	3137	3138	3139
1	615	1054	1055	1056
1	615	2477	2478	2479
1	688	421	422	423	424	425
1	680	2161	2162	1711	1712	1713	1714	1715	1716
1	711	1920	1451	913	914	915	916	917
1	618	2817	2818	2819	2271	2272	2273	2274	2275	2276
1	711	2952	651	2892	2893	2894	2895	2896
1	635	2459	1727	3595
1	644	2464	2465	992	993
1	658	3310	3311	2284	2285	2286	2194	2600
1	704	3443	1551	1552	1553	2290	2291
1	637	994	1786	1300	1301	1302	1556	1557
1	643	1558	1559	1560	1561	3267
1	711	945	113	114	115	116	117	1951
1	609	2096	1993	687	688	2370
1	620	3575	2158	3173
1	702	3522	3523	3524	3036	1709
1	655	630	631	632	1510	1511
1	671	283	284	285	2808	2809
1	702	2810	2811	2812	2813	2814	1923
1	655	2945	1665	2451	2888
1	716	1724	3374	3375	3376
1	691	1466	1467	2768	3377	3378	3379
1	716	2283	2830	2831	2832	2833	2834	2835
1	616	2691	1948	2847
1	674	2698	2699	2700	808	2412	3018
1	568	686	2362	2363	956	957
1	706	3019	2415	2416	1327	1328
1	561	958	3159	3514
1	626	2799	2800	973	974
1	555	3571	3572	3573	3574	3522
1	712	969	970	971	972	2866	2867	2868	2869
1	521	2870	136	2166	2167
1	713	2807	2873	2874	82	83	84	85	86
1	521	87	3584	982	983
1	649	1665	1666	1667	1668	1669	1670	1531
1	646	982	983	984	985	986	987
1	521	3381	3382	990	991
1	577	3315	3316	2603	2604	2605	2606	2607	2608	2609
1	574	2610	3051	2846	1065	1066
1	626	3052	3053	3057	3058
1	537	3176	3177	3178	1268	3236
1	612	1882	1883	1884	3583
1	537	88	89	90	3079	2767
1	612	1468	1469	1610	1611
1	537	1612	1613	1614	2345	873
1	537	2611	2612	2613	2614	2615
1	660	2616	890	891	3154	3155	3156
1	521	3224	849	850	851	852
1	698	1083	1084	231	1139	1140	1141
1	521	1142	2871	1880	1881	1882
1	698	2064	2065	2066	2067	2718	1979	2766
1	632	2767	2768	369	370	371
1	705	1077	3463	615	1808
1	488	3181	502	2064
1	628	2131	2132	2133	2134	2135	535	536	2137	2138	448	2202
1	574	1118	1119	449
1	668	453	454	455	456	457	3609	3610	3611	401	402
1	488	745	746	747	609	2851
1	524	3277	2042	2043
1	669	2317	2318	1133	1134	1135
1	684	1136	1137	1138	1086	1087	1645	492	493
1	654	3179	3180	1033	1034	1035	1036	1773	1774
1	720	1974	1975	1976	1824	1825	862	3182	3183	1273	1274
1	646	3074	3075	721
1	698	511	512	513	1043	3486	3487	3488	3489
1	598	722	723	724	725	1287	154
1	589	3547	3548	1207	96
1	649	1289	1108	1205	1151	2342	2343	2344
1	698	381	382	383	736	737	738	1211	1212
1	654	1615	1616	1617	1618	1211	1212
1	684	383	384	385	386	387	2136	2137	2138	448	2202	2203
1	681	3452	3453	1434	740	741	742
1	717	940	941	2916	2917	2918	2919	2920	3607	3608
1	654	743	744	3612	3613	3614	3615
1	711	2977	2978	2037	2038	2039	2040	2041
1	632	404	405	406	3274	3275	3276	3277
1	685	2635	2636	2637	2638	2639	2932	2933
1	717	2568	338	759	1590
1	554	2321	3226	3227	3228	3229
1	712	339	340	341	342	343	344	345	277	278
1	550	893	894	3471	813	132
1	643	273	486	487	488	346	347	348
1	536	2640	2641	2642	2643	2644
1	664	279	496
1	717	1768	1769	497	498
1	668	3476	3477	3478	3479
1	485	1029	1030	1031	1032	1033	1034	1826
1	715	772	773	503	504	505	865	866	2947	2067	3481
1	664	3480	2947	2067	2068
1	717	3187	2022	3303	3304
1	694	717	718	719	3431	3432	720	93
1	668	1038	1039	923	924
1	636	3484	3485	3082	3083	3084	3085	2776	2777
1	630	3305	3306	3307	1840	1841	2776	2777
1	674	2723	3488	3489	155	156	157
1	664	925	157
1	694	1152	2678	2679	1479	1480	2130	1617
1	664	96	97	1479	1480	1849	1850	798	2079
1	498	731	732	307	308
1	668	731	732	1208	1209
1	482	1114	1115	1116	1117	3449	3450	1428
1	630	309	2729	2730	2731	2732	2733
1	717	2734	1490	541	542
1	635	1796	1797	1798	2970	2971	2972	2973
1	668	395	396	1799	1800
1	570	1623	1624	1625	2975	2976	404	405	406	407
1	587	408	409	410	411
1	719	2853	2854	2148	547	413
1	717	1219	1220	469	413
1	669	2227	2228	2229	2230	2231	413
1	671	1803	1804	1805	1806	2983	470
1	635	1803	1804	1805	1806	1807	616	617	328	329
1	709	2794	2230	2231	413	3464	3465
1	676	1634	1635	330	1637	1638	1639
1	573	471	472	473	3568
1	588	335	336	337	272	893
1	655	1256	1257	129	811	812	813	814
1	560	620	1642	1643	761
1	697	3228	3229	1016	762	763	764
1	717	3064	1258	1017	1018	232
1	603	622	623	624	625	2112	2247	2248	2249
1	705	1261	1262	494	495	859	1593	1594
1	690	233	234	235	565	566	567	568	3360	1970	1971
1	693	2646	821	3040	3041	2115	2116	2117
1	716	1968	3476	1821	860
1	680	428	429	430	3069
1	526	3070	3071	3072	3073	2020	2021
1	693	3427	3428	3429	3430	2665	2666
1	718	437	438	439	3431	3432	3433	1147
1	680	922	2721	1200	1148	152
1	702	1148	1149	300	301	1842	1843	1844	1845
1	656	3545	3546	1289	1290	1476	1844	1845
1	526	153	154	374	375	304	305
1	690	3086	3087	1783	260	261	1848	1479	1480
1	716	1477	731	2727	2728
1	526	938	939	2204	2205	1488	1489
1	690	1161	1162	1163	2300	3327	3328	3329	3330	2919	2920
1	684	1795	1435	2919	2920	2921	1001
1	655	2735	2736	2737	3505	3272
1	688	1436	1437	267	268	269	544	1861	1862
1	484	1495	1496	1497
1	485	466	467	1863	1864	3341
1	614	468	469	2627	2628
1	689	2795	2626	3566	2927	2928
1	566	2929	2930	2753	2754	414
1	680	2629	2630	752	416
1	519	2236	3468	3469	475	476
1	706	619	2569	2570	2571	3031	3032
1	500	3033	3034	702	1963	1964
1	717	1965	1966	1967	2646	2647	2648	2649
1	717	919	435	436	3188	3189
1	636	2238	3350	3351	3352	3353	3354
1	560	1955	2108	2109
1	719	2163	2164	2165	2807	286	287	288	289
1	689	1719	1720	2879	3370	3371	3372	3373
1	619	1925	1926	1927	982	983	1928	1929	1930
1	636	1049	1050	1549	1550	1297
1	662	1686	1687	2197	2198	2199
1	588	3393	3394	3211	3212	3213
1	619	3146	2083	2084	2085	2086	1067	1068	1069
1	691	108	109	677	678	2617
1	662	2692	2693	2407	2408	2409
1	490	887	888	889	2848
1	588	118	119	2748	2749	2750
1	675	2937	3359	569	2651
1	569	427	3297	2652	2653
1	689	1586	417	2003	3169	1957	2004	813	814	815
1	682	816	817	818	819	820	2647	767	768
1	629	3296	2382	2383	2384	2385
1	682	1482	1483	1484	1485	1857	1858
1	629	2968	2405	3562	3563	1860
1	629	545	546	547	2984
1	629	1865	550	551	3469
1	664	756	1081	1082	853	2324	2325
1	703	2756	2374
1	654	2322	2323	2324	2325	2375	2376
1	622	134	1087	1645	1021	1022	1089	1090
1	703	2760	1092
1	703	2714	1271
1	703	1608	1981
1	703	1886	299
1	702	1472	1473	1474	1475	1109	1110
1	616	3549	3550	1891
1	713	1111	2027	2028	2029
1	703	1890	2029
1	703	1984	3553
1	702	1155	1156	1157	1158	601	602
1	653	3554	1431	1432	2140	2141
1	616	3454	3455	1989
1	713	603	1122	2032	2033
1	703	2142	1124
1	642	2034	2035	2036	1126	1992	1074	1075	1076	1077
1	664	320	321	2855	2856	2857	2858	324	325	2150	2151	2152	2153
1	636	322	323	324	325	2150	2151	3023	2233
1	548	326	1809	1995	1996
1	703	750	751	1903	1904
1	689	2234	3026	1866	3567	415	753
1	589	968	969	970	971	972	973
1	589	981	982	983	3587	3588	3589	3590
1	589	989	990	991	992	1295	1296	2602	3388
1	513	2864	2865	973	974	975	976
1	711	3524	703	704	705	706	707
1	573	708	709	710	711	712	713
1	658	3379	3380	927
1	573	928	929	930	931	932	933
1	573	3148	3149	3150	3151	3152	3153
1	657	1726	1727	2279	2280	2281	2282	2283	3597
1	657	1949	1950	2410	2411	2412	2413	2414	3513
1	695	810	620	621	813	814	1259
1	579	1644	2377	2378	2379	2380
1	589	921	440	441	442
1	528	443	444	2073	2074	2075
1	695	2076	3599	3600	3601	798	799	446
1	615	935	936	937	310	311	312	313
1	589	314	315	316	3457
1	566	2149	324	325	2150	2151	3023	3024	3025
1	695	3280	2629	2235	415
1	649	331	332	1639	1640
1	486	1625	463	2223	2224	609	610	611	612
1	668	1024	1025	1026	3234	2328	2329
1	662	1657	1658	1659	1660	1661	1662	1663	504	505
1	677	2262	2263	2264	2265	2018	2019	1275	1276	1277	1278	1279	1280
1	720	3185	716	508	509	3076	3077	3078	511	512	513	514
1	544	1281	1282	1283	1284	1285	1286
1	575	515	516	517	518	519	520	1204
1	719	532	533	534	388	389	390	600
1	610	2212	2213	2214	2215	2216	2217	2218	2219	2220
1	676	1626	1627	1628	1629	1630	1631	1807	616	617
1	586	1503	1874	1402
1	710	1767	1090	1144	1145	1970	1971	1972	1973	1974
1	498	2323	2324	2325	2326
1	506	2713	1091
1	498	2327	2328	1269	1270
1	617	3581	3582
1	498	2715	2762	2763	2764
1	506	1885	1980
1	498	2765	298
1	617	869	870
1	498	1887	1470	1471	1982
1	626	1983	872	2346	3552
1	618	871	872	2346	3049
1	617	3551	1892
1	498	1985	1153	1154	2030
1	626	1893	1123
1	618	2031	1990
1	617	3456	317
1	654	305	306	733	734	735
1	509	1895	1896	2857	2858	1897
1	615	2644	2645	765	766	2646	2647	1769	1770
1	513	1817	2643	2644	2645	2250	2251	1648
1	679	2427	2005
1	679	2009	2118
1	679	2122	2125
1	679	3606	3564
1	555	3491	3492	3094
1	490	758	2640
1	490	2720	923
1	574	1447	1179	1180	1181
1	641	3006	1166	1167	1168	1169	1170	1171	1172	1173
1	552	3113	3114	1911	1912	1913	3116	3117
1	705	827	3247	782	783	784	785	1239
1	552	829	830	789	3001	3002
1	647	2054	2992	14	185	2993	1231
1	647	3502	1693	48	215	1694	1695
1	462	194	195	196	29	30	31
1	465	1255	2924
1	465	2796	3412
1	446	2936	2433	3291	3292	3416
1	446	2826	2393	3308	2395	2597
1	446	2785	2786	2787	2352	2353
1	466	3577	492	493	494	1142
1	427	3531	3532	3533	3534	3243	3536
1	458	2725	2726	2727	158
1	560	1	2	173	1332
1	706	1329	1330	1331	174	2502	2503
1	706	1339	1340	1341	184	2512	2513
1	560	2518	2519	2520	26
1	706	23	24	25	194	1353	1354
1	590	33	34	35	1362
1	706	2530	2531	2532	204	1363	1364
1	560	45	46	47	2543
1	706	2540	2541	2542	48	1373	1374
1	672	182	183	2509	2510	1342	17
1	702	190	191	1348	1349
1	703	3414	3063	3064	3065
1	702	3043	439	2070	584
1	712	169	3410	2925	2926	2985
1	668	64	65	66	3284	3170	2935
1	629	570	571	572	573	3423	1519	1520
1	629	2738	2739	2740	2741	2742	2743
1	640	420	1961	1962	3525	3526
1	677	1721	1722	1723	362	363	364
1	663	2673	2674	2675	2956	2957	1734
1	641	3284	3170	3171	3357	3358
1	630	1415	1416	2457	2458	1932
1	712	2473	1247	164	165	166
1	496	2304	2622	2623	2624
1	705	646	647	581	582	2182	1834
1	700	1835	1836	1837	3252	1779	1780	1781
1	705	3326	2301	2302	2303	946	1570
1	618	1393	1394	1395	1704	1910	562	1914	2438
1	702	1230	3366	3367	3368	3369	1190
1	690	1460	3244	3245	3246	3247	1195	3123	3124	3125
1	711	835	589	590	591	592	2192	2193	2905	2195	1689
1	665	3093	3094	3095	3096	3097
1	711	669	3099	3100	842	843	844	845	846
1	633	1574	1575	1576	3408	1005	1006	1007
1	597	2104	2105	2106	418	2241	2242
1	639	1697	1698	1699	1700	1393	1394	1395
1	650	1396	1397	1873	562	563	564	236	237
1	680	3140	3141	3142	3207	3208	3209	3210	1562	1563	1564
1	679	3125	785	828	829	830	831	832
1	659	3356	67	68	69	2579	1915	1916
1	495	2877	1921	1922
1	711	2815	2816	2452	1529
1	687	2601	2836	2837	2838	2293	2840
1	662	2311	2312	693	694	2420	2421	2422
1	716	2945	2946	2947	2948	2949	2950	1669	1670
1	616	1685	1942	1943
1	674	664	665	666	3143	2690
1	643	3557	3558	3268
1	693	135	856	3174	3175	1143	3235
1	698	3080	3081	1288	1289	1290	1291
1	672	521	522	376	377	378	379	380	2345
1	521	1292	1293	1294	3445	3446
1	632	873	874	875	2200	2201
1	672	449	450	451	452	453	454	455	2614
1	521	941	942	943	3214	3215
1	668	2100	2101	2102	3020	3021	3022	2859
1	692	1019	1020	1646	1647	2252	2253	2254
1	711	1019	1020	1646	1647	1265	1266	1267
1	698	2255	2256	2257	2258	2330	2331	2332	1773	1774
1	654	91	92	93	94	3488	3489
1	684	513	1043	1044	1045	372	373
1	673	458	459	460	461	462	463	464	406	3274
1	623	2635	892	1813	1814	3229
1	534	131	814	3472	1591	2643	2644
1	498	3476	3477	351	352
1	550	1969	1146	769	770	771
1	692	499	500	501	863	1605	3185	3186
1	713	1830	1831	2821	2124	1201
1	498	1038	1039	3482	3483
1	550	2069	2070	2071	1199	2722
1	706	2337	2338	301	2776	2777
1	715	1202	1150	1206	1207
1	573	1478	2680	2399	2400
1	664	1429	1430	393	394
1	682	2403	2404	1250	1437	270
1	638	606	607	1003	3273	2852
1	607	399	400	3218	1216	1217	1218
1	675	2974	2221	2222	2223	2224	2225	2226
1	720	3460	465	2793
1	666	2853	614	1632	1633
1	498	1634	1635	1636	333
1	561	130	2932	2933	2934
1	601	1589	760	1260
1	720	2380	2381	1595	1596
1	561	2382	1029	1030	353
1	710	2010	2011	2012	2013	2014	2015	2016	2017
1	693	1844	259	794	795	796	797
1	560	3047	3048	2347	2348
1	716	1795	395	1622	1491
1	561	2969	397	398	543
1	603	1438	1252	3507	3508	3509	2792
1	717	1841	2776	2777	2778	2779	2780
1	624	2962	2963	2964	2965	1791	1792	1793
1	714	3355	3356	3172	3173	3174
1	715	2110	2159	2160	1709	1710
1	714	1931	1932	2953	2954	2955
1	715	876	877	3321	3206	3143	2843	3145
1	714	3146	2083	2084	1947	944	678	2617
1	714	1070	1071	1072	1073	1074
1	692	2618	2619	2305	2306	2307	2308	2309
1	715	2618	2619	2482	3510	3511	3512
1	708	2310	2371	3515
1	620	2751	2423	2492
1	632	1588	2428	2429	3287	3288	3289
1	657	3290	2434	2435	2436	2437	2441	566	567	568
1	670	3542	3543	652	653	654	655
1	704	2827	3596	3597	3598	3599
1	553	2483	2625	545	1498
1	629	3046	98	1850	800
1	616	3579	3580	2761
1	673	1095	296	297
1	616	867	868	1609
1	593	1203	1046	1047	1048	2676	2677
1	586	3457	3458	3459	3460	3461	3462
1	697	2146	318	319
1	713	2855	2856	1078	1898	1899	1900
1	516	1901	1902	752	753
1	589	2806	2166	2167	2168	2169	142
1	482	3593	3594	3312
1	482	3391	3392	3146
1	614	146	147	148	149	150
1	662	2838	2609	2082	3147
1	574	431	432	433	434	920
1	631	447	1157	1158	161	313
1	695	2981	2982	412	2232
1	575	274	275	276	489	490	491	1021
1	660	1084	1085	1086	1087	1088	1023
1	677	2136	1158	1159	1160	1486	1487	2206	2207	2208	2209	2210	2211
1	586	3104	3105	3221	3222
1	506	2372	2373
1	618	2711	2712
1	497	2757	854
1	654	2021	922	1040	1041	1042
1	675	724	725	726	727	728	301	302	303	523	524	525
1	513	1772	1773	1774	3072	3073	1275
1	679	2129	3602
1	679	3565	548
1	679	549	3281
1	490	1028	3478
1	490	1113	1208
1	490	605	1799
1	651	1224	1225	1226	1227
1	509	1215	3219	3220	3106
1	641	3121	248	249	3129
1	705	3101	843	3007	3008	3009	848
1	647	3028	2988	174	175	2989	2051
1	647	3538	2996	2521	195	2997	2998
1	647	3256	3257	36	205	3258	3259
1	420	1505	1506	1507	1508	1509	1713	637	638
1	471	2800	2801	2802	2803	2804	2805
1	560	11	12	13	1342
1	629	3191	3192	2184	2185	1838	1839
1	694	2738	2359	2360	2361	2410	1952	1953
1	711	2270	3430	3431	3432	2123	2124	2667	2668	2669	2670
1	661	2772	2186	2187	1730	1544	1545	1546	1547	1548
1	661	1541	1542	1543	1731	3089	3090	3091	2287	1688	2196
1	682	110	111	2694	2695	2407	3271	114	115	2619
1	691	112	946	947	948	949	950	2481
1	712	244	1414	648	649	650
1	688	2182	2183	3193	3194	3195	3196	3197	2595
1	658	2289	1854	995	1307
1	630	1308	1309	2695	2696	1071
1	593	1442	1577	1578	1579	2367	2368	3338	3339
1	709	2441	2442	2443	2444	1451	1452
1	713	79	80	81	3238	3239	3240	3241
1	669	2880	2881	1192	1193	1194	3122	2454	2455	2456
1	673	2773	2774	2827	2900	2901	2902	2903	2192	2193
1	675	661	662	2910	2911	665	666	667
1	691	1165	1565	1310	1311	1312	1313	1314
1	685	3009	3010	3011	3012	3013	3014	3015	3016	2364	2365
1	687	1763	2574	627	68	69	70	71	72	73	74
1	687	3533	2941	1602	1410	1411	1412	1413	245	1524	1525
1	540	1316	1317	1318	1319	1320	955	1322	121	122
1	688	1764	3115	1875	1876	73	74	77
1	679	3494	3495	3496	3497	3498	3499	2686
1	698	1917	1918	2873	2874	2875	2876
1	683	359	360	361	3373	2951
1	637	945	946	947	2094	2095
1	687	2801	2802	2803	2156	3035	3576	856	857
1	641	2170	2171	2172	2173	2945
1	720	1536	1537	1538	1539	2828	2829	3312	3313	3314
1	632	3236	3237	3238	2062	2063
1	698	3447	3448	3451	390	391	392
1	698	3216	3217	403	404	405	3461
1	715	133	134	135	856	857	858	859
1	687	1593	1594	3297	3298	3299	3300
1	715	2080	2139	1433	1434
1	655	1846	1847	3046	2077	2078	799
1	603	1851	100	101	102	1855	1856
1	485	466	809	3340	3341
1	691	2912	2913	2844	2845	2087
1	620	2751	2491	2492
1	689	1144	1145	1146	3067	3068	715
1	702	1093	1094	1272	3184	1606	1607
1	654	1988	2143	2144	2145
1	589	1946	2085	2086	3054	3055	3056	3057
1	657	701	857	281	282	283	284
1	657	2173	2174	293	294	1924	1725
1	680	277	1262	1263	1264	1648	1649	1650	1651	1652	1653
1	657	1654	1655	1656	2259	2260	2261
1	692	1131	273	486	487
1	675	2134	160	2208
1	470	2534	2535	2536	2537	2538	2539
1	480	1913	1875	1876	906	907	75	76	3530
1	388	608	1125	747	609	2979	2980
1	383	3132	2904	3092	3495
1	530	39	40	41	42	43	44
1	712	169	170	2925	2926	2985
1	666	1425	1426	2349	2350	2351	2788
1	703	1878	1879	1512	1513	1514
1	620	1515	1516	1517	1518	3424	3425	1922	1097
1	664	2446	1457	2448	2449	2450	2451	2452
1	615	884	3559	3328	3329	3560	3561	2406
1	713	2093	948	1315	806	1318	1319	1320	1321	2746	2747
1	593	3357	2579	2580	2439	2440	565	2442
1	715	1451	2654	861	862	2265	2266
1	630	657	2906	2907	2908	2909	3319
1	715	113	3272	1492	1493	1494	1004
1	647	2942	2943	2944	776	777	778	779
1	607	2745	2746	2706	2707	2708	2313	2314
1	685	1181	1182	1183	1184	1185	1186	1187	1188	1189	1190
1	686	2243	419	626	2575	2576	2577	1400	1401
1	669	1704	1705	2114	3038	905	73	74	75	76
1	682	908	3419	3420	3421	3422	574	575	576	3535
1	687	1104	3193	2672	2673	1729	2188	2189	2190	2191
1	687	596	597	3098	881	882	883	3209	672	673
1	616	1057	1058	1059	1060	3394	3395	3396	3397
1	718	1320	2365	2366	1580	1581	2487
1	671	2885	2886	2453	1196	2181	2182	2183
1	708	3240	3241	242	243	244	1523	1463	1464
1	648	368	2460	1728	2897	2898	2899
1	698	885	886	2088	2089	2090	2091
1	667	2092	2093	948	805	806	807	2701	3016	3017
1	689	2278	2461	2462	1681	1682	1939	1940
1	687	2801	2802	2803	3521	2157	2158	629	857
1	654	1615	1616	1617	1210	1211	1212
1	706	1478	2680	445	1427	1428
1	693	1597	1598	1599	1600	1601	3424	3425	3426	435	436
1	669	2667	2668	2669	2670	2671	2773	2774	2775	1842	1843
1	693	162	163	1248	1249	265	266
1	687	2820	1832	1833	367	2891	3544	3306
1	689	2917	2918	3331	1859	1002	608
1	657	2469	2839	2294	1061	1062	1063	1064
1	599	1869	1870	1871	1872	1398	1399	2580	2581	2582
1	599	2590	2591	1678	1679	1680	1681	834	3200	3201
1	707	1706	1707	1708	3526	3527	3528	3529	77	78	79
1	715	1934	1935	1936	1937	1938	793	657
1	681	658	659	660	661	662	3319	3320
1	713	2967	2473	2474	3396	3397	674	675	676
1	594	3284	3285	1960	2111	628	3037
1	671	1786	1787	1739	1740	1741	1742	1743	1306	996
1	680	1396	1397	69	70	71	72	1877	633	634	635
1	594	1305	1744	1745	1746	2298	2299	1164	1165
1	694	2704	2705	2706	1324	123	124	125	126
1	711	2872	1919	2172	2173
1	702	1944	2468	2469	2470	2471	2841	2842	3144
1	649	863	864	506	507	508	509	510
1	715	2770	2771	2772	257	2463	2828	2829
1	682	2431	2432	2433	2434	2435	2436	1916	426
1	427	594	595	1790	879	880	3500
1	703	3442	3443	3444	1298	1299
1	593	2878	580	2267	2268	2269	647
1	683	2578	2579	904	3039	822	823
1	700	1453	1454	241	3242	643	644	645
1	656	792	1939	1050	1733	1734	1735	1736	1737	1738
1	661	2702	2703	2704	2368	1007	1008	1325
1	679	833	1682	1683	1050	1051	1052	1053	3493
1	690	1717	1718	290	291	292	1096
1	671	663	664	2294	2295	2689
1	606	1851	1852	1853	1554	1555	2966	1792	1793	1794
1	698	2650	2057	2058	2059	2060	2061	2175	918
1	683	3190	3541	3542	3543	2670	2671	2186	1839	1840
1	599	2583	2584	2585	2586	2587	2588	2589
1	705	1177	1178	636	824	1406	826
1	661	1189	1190	1191	1192	2886	2887	364	365	366
1	703	1464	1465	2889	2890	1673
1	713	1674	1675	254	255	256	1680	258	3439	3440	3441
1	611	2620	2621	2743	2744	2412	119	120	2369
1	651	2392	2393	2394	3309	1540	1541	3441	1783
1	682	596	1302	1303	1304	2686	2687	668	669	670	671	2475	2476
1	702	912	2654	354	355	356	357	358	359	360
1	670	3403	3404	3405	3406	3407	1443	1005	689
1	663	577	578	579	2879	2880	1191	2882	2883	2884	2885	780
1	599	3202	3203	3204	3205	3322	3323	802
1	661	878	879	1244	881	882	2297	2298	3262	3263	3264	3265	3266
1	593	653	3198	3199	1543	1731	1732	1783
1	716	557	558	559	560	561	1871	1872	1873	3115	2440
1	700	1788	1789	1057	879	1244	3324	3325
1	644	1245	1246	1562	1563	1564	1565	1566	1567
1	629	2958	2959	2960	2961	2781	2782	2783	2784	1853
1	707	3400	3401	3402	3403	3404	952	953	954	955	2746	1323

MyIndex	Index	StartTime	EndTime	StartStation	Endstation
1	2798	100	237	1453	3631
3	1811	110	244	3631	1453
4	477	115	132	4513	927
7	2048	131	227	1014	2993
8	478	137	228	927	1479
11	1868	167	273	1014	1823
14	63	182	311	2759	699
15	3223	187	296	4718	877
21	479	228	230	1479	4446
25	3166	265	327	3480	6710
26	2239	270	343	669	3480
28	3349	272	352	1419	669
35	755	298	405	3911	1453
36	2424	299	307	6116	5379
37	2319	306	330	4718	2262
42	2107	314	387	3480	669
43	2425	316	360	5379	5398
44	2931	316	417	1453	4377
45	3027	320	348	4651	5498
47	2987	324	422	4475	3125
48	3518	324	416	3243	3631
49	1132	325	330	4377	4718
50	1079	327	448	7181	1075
51	2320	330	343	2262	4377
52	1812	337	486	1453	4377
54	1175	339	416	1756	1175
55	2155	341	381	5789	4185
58	3570	348	421	3243	3631
59	1956	350	396	669	3152
60	1444	351	420	1938	1175
63	1223	354	442	2221	14
69	3225	372	435	3113	1453
70	1012	373	521	4630	7191
73	224	384	440	4630	4377
78	1500	389	451	1938	1175
86	2426	407	437	5398	6116
90	700	419	448	3631	4185
103	757	458	493	997	1075
106	1080	465	502	1075	997
107	3520	466	512	5789	4185
112	3029	478	668	3125	2759
129	1815	535	541	4238	5078
151	1816	600	615	5078	3012
152	2863	606	637	1197	3243
170	3030	688	809	2759	699
205	1391	805	806	3638	2221
223	2049	852	954	2993	7331
279	1501	988	1061	1175	1756
282	1176	992	1056	1175	1938
313	2990	1045	1142	3125	4475
316	3112	1052	1116	1175	1938
320	2052	1058	1085	5498	4651
324	1502	1061	1114	1756	6142
325	2758	1063	1181	1453	3911
333	1445	1077	1151	1175	1756
354	898	1128	1322	2759	3125
355	3231	1128	1203	7191	7181
381	3473	1175	1233	4377	6804
416	855	1252	1370	3139	3113
441	349	1295	1353	4377	6804
471	1766	1366	1509	2221	6296
539	280	1540	1677	1453	3631
614	2759	1738	1845	3911	1453
615	2006	1739	1747	6116	5379
624	2007	1756	1800	5379	5398
626	2053	1760	1788	4651	5498
629	977	1764	1856	3243	3631
631	2991	1764	1862	4475	3125
633	3232	1767	1888	7181	1075
637	3474	1777	1781	6804	6949
638	1446	1779	1856	1756	1175
648	3475	1791	1854	6949	4377
661	1818	1813	1961	4630	7191
667	1592	1824	1880	4630	4377
669	350	1825	1885	6804	4377
671	3118	1829	1891	1938	1175
681	2008	1847	1877	5398	6116
689	978	1859	1888	3631	4185
701	1228	1882	1928	14	2993
709	1027	1898	1933	997	1075
711	3233	1905	1942	1075	997
719	2055	1918	2108	3125	2759
769	1771	2040	2055	5078	3012
793	2056	2128	2249	2759	699
845	639	2268	2349	1014	2221
860	1229	2292	2394	2993	7331
884	640	2349	2384	2221	14
899	714	2378	2535	3243	4196
948	144	2470	2494	3631	6888
954	979	2477	2515	4185	3631
961	2994	2485	2582	3125	4475
967	1232	2498	2525	5498	4651
974	2716	2503	2621	1453	3911
984	3119	2517	2591	1175	1756
1002	1823	2568	2643	7191	7181
1004	3365	2568	2762	2759	3125
1032	3301	2615	2673	4377	6804
1035	2386	2618	2670	6849	2759
1058	641	2671	2706	14	2221
1061	145	2677	2736	6888	3243
1082	1603	2706	2780	7331	2221
1094	1827	2735	2793	4377	6804
1098	642	2745	2840	2221	7331
1112	2387	2776	2910	2759	699
1127	1604	2806	2949	2221	6296
1149	1775	2846	2944	4718	2221
1163	1233	2879	2917	4651	1014
1199	1664	2980	3117	1453	3631
1270	2717	3178	3285	3911	1453
1271	2119	3179	3187	6116	5379
1280	2120	3196	3240	5379	5398
1283	3537	3200	3228	4651	5498
1288	2995	3204	3302	4475	3125
1290	1977	3207	3328	7181	1075
1293	1828	3217	3221	6804	6949
1295	3120	3219	3296	1756	1175
1306	1829	3231	3294	6949	4377
1308	1776	3234	3322	2221	14
1317	2333	3253	3401	4630	7191
1322	1037	3264	3320	4630	4377
1324	3302	3265	3325	6804	4377
1337	2121	3287	3317	5398	6116
1347	1101	3302	3338	1014	6900
1364	2719	3338	3373	997	1075
1367	1978	3345	3382	1075	997
1373	3539	3358	3548	3125	2759
1453	3540	3568	3689	2759	699
1545	2822	3779	3923	3870	5915
1563	151	3818	3975	3243	4196
1610	3592	3910	3934	3631	6888
1624	1421	3925	4022	3125	4475
1634	2999	3938	3965	5498	4651
1637	1888	3943	4061	1453	3911
1647	3130	3957	4031	1175	1756
1663	585	4008	4202	2759	3125
1665	2024	4008	4083	7191	7181
1695	2339	4055	4113	4377	6804
1722	1777	4111	4146	14	2221
1756	729	4175	4233	4377	6804
1791	1107	4246	4389	2221	6296
1815	3490	4286	4384	4718	2221
1827	3000	4319	4357	4651	1014
1867	926	4420	4557	1453	3631
1938	1889	4618	4725	3911	1453
1939	2126	4619	4627	6116	5379
1949	2127	4636	4680	5379	5398
1951	3255	4640	4668	4651	5498
1955	1422	4644	4742	4475	3125
1958	2025	4647	4768	7181	1075
1962	2340	4657	4661	6804	6949
1963	3131	4659	4736	1756	1175
1973	2341	4671	4734	6949	4377
1974	3003	4671	4740	1938	1175
1986	2724	4693	4841	4630	7191
1991	95	4704	4760	4630	4377
1994	730	4705	4765	6804	4377
1995	1240	4709	4771	1938	1175
2007	2128	4727	4757	5398	6116
2016	2466	4739	4768	3631	4185
2017	593	4742	4778	1014	6900
2035	1112	4778	4813	997	1075
2037	2026	4785	4822	1075	997
2046	1423	4798	4988	3125	2759
2127	1424	5008	5129	2759	699
2176	1690	5121	5126	7331	3125
2215	99	5219	5363	3870	5915
2236	934	5258	5415	3243	4196
2280	3390	5350	5374	3631	6888
2287	2467	5357	5395	4185	3631
2293	1691	5365	5462	3125	4475
2296	841	5372	5436	1175	1938
2304	3260	5378	5405	5498	4651
2307	1986	5383	5501	1453	3911
2318	3004	5397	5471	1175	1756
2332	159	5448	5523	7191	7181
2335	2684	5448	5642	2759	3125
2365	2401	5495	5553	4377	6804
2385	537	5540	5598	960	4377
2403	3050	5572	5690	3139	3113
2423	598	5603	5677	7331	2221
2427	538	5615	5673	4377	6804
2441	2685	5642	5649	3125	1014
2465	599	5686	5829	2221	6296
2487	1213	5726	5824	4718	2221
2501	801	5759	5917	6849	1014
2502	3261	5759	5797	4651	1014
2539	2081	5860	5997	1453	3631
2612	1987	6058	6165	3911	1453
2613	3603	6059	6067	6116	5379
2622	3604	6076	6120	5379	5398
2624	3501	6080	6108	4651	5498
2628	1692	6084	6182	4475	3125
2631	1120	6087	6208	7181	1075
2635	539	6097	6101	6804	6949
2636	3005	6099	6176	1756	1175
2645	540	6111	6174	6949	4377
2649	1214	6114	6202	2221	14
2659	1619	6133	6281	4630	7191
2664	739	6144	6200	4630	4377
2666	2402	6145	6205	6804	4377
2678	3605	6167	6197	5398	6116
2687	3398	6182	6218	1014	6900
2707	604	6218	6253	997	1075
2709	1121	6225	6262	1075	997
2717	3503	6238	6428	3125	2759
2800	3504	6448	6569	2759	699
2824	1752	6504	6509	7331	3125
2838	1753	6532	6565	3125	6563
2845	167	6547	6549	1419	6849
2869	1754	6604	6637	6563	3125
2887	1755	6652	6687	3125	6563
2893	1251	6659	6803	3870	5915
2928	1756	6724	6757	6563	3125
2943	3399	6751	6818	6900	7331
2959	3059	6790	6814	3631	6888
2972	1757	6805	6902	3125	4475
2979	1696	6818	6845	5498	4651
2985	1894	6823	6941	1453	3911
2999	1174	6868	6941	1175	1756
3002	803	6874	6966	1823	1184
3012	3335	6888	7082	2759	3125
3014	271	6892	6953	4377	4630
3043	2922	6938	6990	6849	2759
3068	3060	6997	7056	6888	3243
3071	804	7007	7020	1184	7331
3075	1991	7012	7130	3139	3113
3098	1801	7055	7113	4377	6804
3108	3336	7082	7094	3125	1184
3115	2923	7096	7230	2759	699
3147	3616	7166	7264	4718	2221
3194	748	7300	7437	1453	3631
3215	3617	7378	7407	2221	86
3227	3618	7407	7441	86	2221
3246	1127	7463	7565	3113	3631
3266	613	7527	7648	7181	1075
3267	3107	7535	7579	14	3125
3271	2147	7542	7731	3139	1453
3277	3619	7554	7642	2221	14
3283	1802	7585	7645	6804	4377
3315	3108	7678	7868	3125	2759
3328	3409	7714	7727	1419	4778
3333	2103	7731	7850	5789	3243
3353	3061	7793	7869	3243	3631
3354	1221	7794	7918	3870	5915
3378	171	7888	8009	2759	699
3389	1222	7940	7947	5915	699
3411	327	8063	8153	877	4446
3416	3342	8097	8162	4513	5915
3437	3343	8189	8196	5915	699
3442	3278	8219	8368	4718	3251
3451	2044	8242	8244	4238	4718
3457	1386	8286	8297	4621	1070
3461	3109	8328	8522	2759	3125
3465	1810	8343	8507	3113	830
3468	2154	8348	8530	1453	3139
3472	3279	8368	8420	3251	4196
3475	1994	8418	8529	5789	3113
3481	1387	8474	8500	1070	4010
3482	3466	8495	8553	4377	6804
3483	1011	8529	8608	3480	1419
3485	3411	8536	8670	2759	699
3487	1584	8542	8587	2997	3480
3489	696	8547	8593	2997	3480
3492	2860	8593	8685	877	4446
3493	3344	8595	8714	699	2759
3496	1128	8600	8698	3631	3113
3497	959	8613	8762	5789	669
3498	1585	8619	8678	3480	6710
3499	698	8673	8818	669	830
3501	1997	8740	8877	1453	3631
3502	749	8750	8884	3631	1453
3506	1129	8903	9005	3113	3631
3507	962	8911	8983	2997	7331
3509	1388	8979	9049	4010	6563
3510	963	8983	8987	7331	4888
3513	3467	9025	9085	6804	4377
3520	3110	9118	9308	3125	2759
3538	3413	9328	9449	2759	699
3540	2631	9344	9344	1453	877
3551	2315	9481	9543	6710	4513
3556	3160	9561	9607	4185	830
3557	2316	9573	9590	4513	927
3559	2797	9585	9609	699	3152
3561	2493	9596	9843	5789	3480
3563	3161	9607	9609	830	5789
3566	3062	9652	9726	3631	3243
3573	127	9682	9819	1014	2993
3577	2986	9768	9962	2759	3125
3579	1998	9770	9827	3631	508
3580	334	9772	9833	4377	4630
3582	2632	9772	9937	877	4238
3584	1905	9788	9970	1453	3139
3586	2045	9813	9837	4718	3012
3587	964	9816	9904	4888	2997
3589	2046	9837	9851	3012	4718
3590	552	9843	9860	4513	927
3591	618	9856	9886	4446	960
3592	2494	9860	9906	3480	2997
3593	3162	9878	10025	5789	669
3594	3516	9887	10036	5789	669
3595	2237	9892	9953	4377	4630
3596	1641	9893	9965	7191	7181
3597	3569	9902	10042	4377	1453
3598	2495	9915	9965	2997	3480
3599	2861	9917	10017	4446	4513
3600	965	9929	10012	2997	7331
3601	2755	9935	9993	4377	6804
3602	2633	9937	9939	4238	4718
3603	2496	9975	10059	3480	699
3604	3348	9976	10080	2759	699
3606	754	9990	10059	1453	960
3607	2047	10011	10080	4718	4513
3608	966	10012	10014	7331	1014
3609	967	10014	10058	1014	6900
3610	2862	10022	10080	4513	1419
3612	1954	10035	10080	699	2759
3613	3163	10035	10058	669	6710
3615	1130	10040	10080	3631	3113
3616	3517	10043	10080	669	1419
3617	2634	10046	10080	4718	2221
3618	1499	10062	10080	3152	1419
