Costs	Duraton	Task_1	Task_2	Task_3	Task_4	Task_5	Task_6	Task_7	Task_8	Task_9	Task_10
1	466	57	222	223	1380	1381	1382
1	410	1385	60	61	62
1	470	2560	2561	2562	2563
1	462	1352	1353	2525	2526	2527	2528
1	372	196	197	30	2528
1	402	1362	1363	40	2538
1	432	216	217	2547	221
1	462	2549	2550	2551	2552	2553	2554
1	435	3470	1586	3282	3283	553
1	449	582	583	3434	3435	3436
1	465	1255	2924
1	446	355	356	2659	2660	2178
1	406	418	2241	2242	2243	419
1	461	2939	2940	573	574	575	576	2585	2586	579
1	436	245	246	1100	1526	1527	1528
1	436	2183	2184	253	3250	255	256	257
1	466	1555	1556	1557	2472	2473
1	479	67	1706	1707	2937
1	458	1921	3426	435	436	3427	3428
1	458	2392	2393	2394	1841	1842	1843	1844	259
1	373	2953	1729	2188	793
1	458	1855	1856	162	163
1	458	2791	2792	466	809
1	474	1528	2181	2182	1834
1	415	807	808	2412	119	1006
1	466	809	2484	2314
1	450	2050	899	900
1	394	1393	1394	1908	1396	1397	1873
1	461	1874	1914	2438	2439	2440	236
1	450	1420	586	587
1	466	1245	1246	3209	3210	1562	1563	1564
1	433	1580	1581	1582
1	469	632	633	79	1715	1716
1	377	294	295	2816
1	424	2176	244	245	1463	1464
1	462	3372	2950	2951
1	398	2952	651	2892	2893
1	398	994	2289	2290	2291
1	374	2690	2691	2692
1	374	3018	3019	2415
1	432	422	3036	1709
1	373	82	2811	2812
1	465	2945	2946	2947	2948	2949
1	401	1531	1532	1533	1534	1535	1536	1537
1	401	2602	2603	2604	2605	2606	2607	2608
1	421	3269	3270	2697
1	373	679	891	3154
1	401	679	680	681	682	683	684	685
1	465	2097	2098	2099	2100	2101
1	454	3158	2310	2371
1	451	984	985	986	987
1	463	3052	3053	3054	3055	3056
1	466	3577	492	493	494	1142
1	432	3578	1026	3234	3235
1	423	1883	2762	2763	1093	1094	1272
1	419	2329	2330	2331	772	773
1	479	3080	726	727	519	520
1	475	1262	1263	1264	1265	1266
1	475	3071	3072	3073	3074	3075
1	452	2976	1494	1495
1	475	3274	2039	2040
1	376	1136	1137	229	230	231
1	421	1974	1975	1976	1824	2262	2263	2264
1	454	374	375	376	377	378	379	380
1	362	2204	2205	1488	741	742
1	454	2204	2205	451	452	453	454	455
1	455	3609	3610	3611	3612	3613	3614	3615
1	369	3275	3276	2041
1	445	2635	2636	2637	2638	2639
1	425	225	226	227	228	229	230	278
1	477	497	498	499	500	1826
1	416	2078	799	1427	1428
1	446	2974	2221	2222	2223	2224	609	2851	2852
1	394	1803	1804	1805	1806
1	409	620	621	813	814
1	384	2349	2350	2351	1794
1	432	474	3347	3111
1	429	3190	3541	3542	2824
1	365	100	101	102	103	2841
1	416	3352	3353	3575
1	380	425	1879	1880
1	478	286	287	288	289
1	479	1513	2172	2173	2174
1	395	2876	2060	2061
1	430	2062	775	2450
1	455	1666	1667	1668	1669	1670	1671
1	479	2890	2459	1727
1	400	1931	2894	2895
1	418	2461	2954	2955
1	380	2956	3443	3444
1	380	3558	3212	3213
1	395	2091	2360	2361
1	463	2849	2850	2979	3157	2414
1	480	2433	2434	2435	2436	1916	426
1	436	569	2057	2058	1598	1599
1	419	2958	2959	2960	2961	2781	2782	2783
1	469	795	796	797	1851	1852	1853
1	469	2784	1853	1554	878	1058	1059
1	466	2790	1248	3560	3561
1	408	3328	3329	3560	3505
1	415	3506	3507	3508	3509
1	427	594	3137	3138	1056	1057	879	880	3500
1	449	1586	1587	1588	3064
1	464	3063	3064	895	896
1	389	3471	813	814	762
1	450	3415	3293	3294	3295
1	464	2115	1970	1971	3361	3362	3363
1	413	2397	2398	3046	2680
1	463	2760	2761
1	460	2947	2948	297	718	441
1	410	2718	1979	2766	1469
1	463	1608	1609
1	463	1890	1891
1	471	2800	2801	2802	2803	3521	3522	2805
1	395	2169	142	143	980
1	409	981	982	983	1928
1	395	1929	3590	3591	988
1	409	989	990	991	3315
1	395	3316	3388	3389	1945
1	388	608	2036	747	609	2979	2980
1	458	2334	2335	2336	2023
1	458	2725	2726	2727	158
1	412	1620	1621	2971	2972
1	440	480	481	482	483	484	485
1	479	3448	3449	3450	3451	390	600
1	479	3217	3218	1216	1217
1	382	1217	1626	1627
1	476	319	320	321	2855	2856	1078
1	382	1659	1660	1661	1662	1663	504
1	404	3121	3122	3123	365	784	785
1	383	3132	2904	659	3494	3495
1	500	3	4	177	178	179	180
1	500	15	16	187	188	189	190
1	560	37	38	207	1366	1367	2539
1	500	49	50	217	218	219	220
1	590	1379	1380	1381	1382	1383	1384
1	530	1383	58	59	2557	2558	2559
1	530	2562	2563	2564	2565	2566	2567
1	522	2497	1389	2499	2500	174	3
1	492	172	2498	2499	2500	174	3
1	522	2501	2502	6	179	180	181
1	522	182	183	2509	2510	14	15
1	582	2507	2508	2509	2510	14	1343
1	522	192	193	1350	1351	2521	2522
1	492	1348	1349	1350	1351	2521	2522
1	492	2523	2524	198	199	200	201
1	522	202	203	1360	1361	36	37
1	492	1358	1359	1360	1361	36	37
1	552	34	35	36	2534
1	522	36	37	206	2536	2537	2538
1	522	204	205	2535	41	42	43
1	492	38	39	208	209	210	211
1	522	212	213	1370	1371	48	49
1	492	1368	1369	1370	1371	48	49
1	492	2551	2552	2553	2554	2555	2556
1	582	128	129	894	895
1	582	3043	439	3431	3432	3433	3434
1	549	64	65	2003	3169	1957	1958	1959	3286	3287
1	586	2388	2389	2390	2391	3429	2271
1	549	2179	2180	1197	2274	2275	2823
1	552	3191	2668	2669	3307
1	541	3543	2670	2772	2186	1839	1840	2898
1	587	2824	2825	2826	2393	2394	2395	2597
1	486	1440	1441	1072	1952	1953
1	587	3507	3508	1253	1254	1255
1	568	80	81	3238	3239	3240
1	598	3425	1922	1097	1464	2452
1	541	647	648	649	650	2182
1	562	2887	364	365	2457	2458	1673
1	568	1529	1530	2769	2770	2771
1	524	2673	2674	2675	1049	1050
1	571	2595	2596	2597	2598	2599
1	568	2600	2601	875	876	877
1	524	1557	1558	1559	1560	1561
1	598	1059	1060	3394	3211	109
1	596	667	2688	1247	1308
1	588	996	997	2353	2354	2355
1	541	2301	164	165	166	946
1	568	677	678	2617	2618	2619
1	599	2696	2092	2093	3403	3404	3405	3406	3407
1	498	2305	2306	2701	955	956	688
1	560	553	554	3284	3285	3286	2430	2431
1	560	2443	2444	1451	2014
1	560	581	582	651	652
1	537	3087	3088	1052	1053	3091	2287	2288
1	560	1784	1785	2289	1854
1	560	2302	2303	113	1441
1	581	419	420	2111	68	1873	562	1914
1	507	1516	575	576	1185	1186	1187	1188	1189
1	596	1190	1191	2882	2883	2884	2885	2886	2453	2454	2455	2456
1	583	1417	1418	1419	250	251	252	253	254	1837
1	578	1675	1676	1677	3195	587	588	790	791	1938	2189
1	565	2672	1934	1935	1936	1780	1781
1	505	2190	2191	2192	2193	1736	1737	1738
1	597	661	662	1299	1300	1301	1302	1303	1304	1305
1	594	1788	1789	1790	879	3098	881	882	883	2474
1	565	1556	3321	3322	3323	3324	3325
1	582	1167	1168	1169	1170	1171	1172	3400	3401	3402
1	594	1571	1315	950	951	3105	953	954	1321	1322
1	598	1576	1577	1578	2366	2367	2368	1007	1008	2708
1	589	2369	2370	2416	2417	2418	126	2420
1	576	2313	2417	2418	2419	2488
1	536	3167	3168	3169	3285
1	560	1845	1846	1847	3046	3599	3600
1	553	3601	798	799	446	935	936	937	310
1	564	2439	1505	1506	1507	1508	634	635	908	3419
1	595	825	826	1183	1184
1	493	643	1411	1412	1190	1191	1192	1193
1	598	2881	1234	1235	1236	1237
1	518	1194	248	249
1	555	781	1195	1196	3124	3125	3126	3127	3128
1	586	1238	1239	829	830
1	586	785	786	787	788
1	518	3090	3133	3134
1	550	3495	3496	3497	3498
1	598	1747	1748	1749	1750	1751
1	586	847	3102	3103	3104
1	559	3009	848	3011	3012	3013	3014	3015	2702
1	507	1324	123	124	125
1	597	2104	2105	2106	2240	2241	2242
1	494	1999	2000	2001	2241	2242
1	570	1697	2002	1699	1700	1701	1702	1703
1	532	3116	3117	1177	1178	636	637	638
1	585	908	909	910	2939	2940	573	574	240
1	566	1186	1187	1459	1460	3244	3245	827	3247
1	585	1568	1569	947	948	1572	1573	805
1	590	3034	702	3525
1	538	2159	2160	2161	2162	1711
1	535	1717	1718	290	291	916	917
1	518	2877	2445	1520	1521	1722
1	538	1720	2448	2449	2450	2451
1	598	778	779	780	781	782	783	366	367
1	518	2817	2818	2819	2271	2272	1833	367
1	538	1465	2889	1672
1	538	2891	3544	3306	3307	3308	3309
1	518	1932	1933	1839	3438	2281
1	538	2462	2463	3310	3311	2284
1	524	2198	664	2471
1	573	3559	3328	3329	3560	3561	2406	2696
1	480	2697	1950	1951
1	518	1071	2304	2743	2744	2412
1	588	2619	2095	2096	1993	687
1	538	2700	2307	2308	2309	2310
1	598	688	689	690	691	1325	1326	1327
1	507	2416	2417	2421	2422
1	498	2109	3355	421
1	581	283	284	285	1919	81
1	549	3373	3374	3375	3376
1	481	2832	2833	2834	2835
1	543	875	2200	3556
1	518	2199	665	2913
1	562	664	665	104	105	106
1	561	2914	3558	3268
1	562	2698	2699	2411	2412	2413
1	561	958	3159	3514
1	560	3519	3572	3573	3574	3522
1	490	3523	3524	3576	856	857
1	521	2870	136	2166	2167
1	521	87	3584	982	983
1	549	1928	1929	3378	3379	3380
1	536	1947	887	888	889	890
1	600	2085	2086	2087	2088	2089	679	3057	3058
1	491	2768	369	370
1	537	1612	1613	1614	2345	873
1	537	2611	2612	2613	2614	2615
1	491	2616	2848	2849
1	483	1083	1084	1085	1086	1087	1645
1	521	1292	1293	3444	3445	3446
1	539	3447	3448	3449	3450	1428	1429	1430
1	483	3216	2218	2219	2220	2221	2222	2223	2224	609
1	582	1138	1086	1087	1645	1646
1	541	3178	2255	2256	2257	1032
1	488	1267	3179	3180
1	567	90	511	512	513	514	3081
1	599	93	1202	1203	521
1	582	1044	1045	521
1	507	2344	1615	1616
1	599	1617	2080	448	449
1	507	742	743	744
1	524	3277	2042	2043
1	557	1139	1140	1141	495	859	1593
1	598	2252	2253	1973
1	583	1594	1970	1971	1972	501
1	530	2257	1032	1033	1034	1035	1036	1773	1774
1	574	3182	3183	3184	3185	716	1830
1	598	2020	2021	2022	2069	3431	3432	720	721
1	575	1831	3431	3432	720	1044
1	582	3079	3080	3081	3082	3083	3084
1	530	513	1043	3486	3487	3488	3489
1	598	722	723	724	725	1287	154
1	583	97	1479	1480	2130	1118
1	571	381	382	383	384	385	386	387	388	389
1	530	383	736	737	738	1211	1212
1	507	1119	2202	450
1	594	3452	3453	1434	2403
1	519	1160	2732	2733	2403
1	598	1488	1489	1490	1435	2919	2920	3607	3608
1	558	2404	2919	2920	3607	745
1	571	456	457	458	459	460	461	462	2975	2976
1	507	746	747	609	2037	2038
1	554	2321	3226	3227	3228	3229
1	574	2638	2639	131	132
1	597	2638	2639	131	814	3472
1	600	759	1590	1591	2643	2644
1	536	2640	2641	2642	2643	2644
1	595	279	859
1	595	2645	1966	1967	2646	2647	1769
1	597	3476	3477	2383	2384	3300
1	485	1029	1030	1031	1032	1033	1034	1826
1	593	508	509	3076	3077	3078	91	92	93
1	498	1038	1039	3482	3483
1	574	1038	1039	2721	2722
1	538	2721	1200	1148	1149	300
1	595	925	1207
1	550	1478	1479	1480	1849	1850	798	2079
1	482	1114	1115	1116	1117	3449	3450	1428
1	568	1796	1797	1798	541	542
1	560	395	396	397	2973
1	562	1491	1492	1493	404	405	406	407
1	550	399	400	401	402	403	404	405	406	407
1	587	408	409	410	411
1	498	1634	1635	330	331	332	333
1	573	471	472	473	3568
1	588	335	336	337	272	893
1	560	620	1642	1643	761
1	591	894	3471	813	814	1259	1260
1	524	813	814	815	763	764
1	573	1259	1644	2377	2378	2379
1	511	3171	2432	2433	3291	1965	765	766
1	505	1017	1018	232	765	766
1	586	233	234	235	565	566	567	568	3360
1	575	1966	1967	2380	1145
1	576	1966	1967	2646	2647	1968	1969
1	556	765	766	2646	821	3040	3041	2115
1	537	1970	1971	3361	3067	3068	3069
1	582	1597	1598	1599	1600	1601	2942	2943	2016	2017
1	527	861	862	863	864	506
1	586	2266	2267	2268	2269	2270	3430
1	590	437	438	439	1832	2273	1198
1	564	507	2069	2070	2071
1	591	2070	2071	1199	1200	1148	152
1	527	3545	3546	1289	1290	1476
1	586	3086	3087	3088	1782	1733	795
1	556	1844	259	260	261	1848	1479	1480
1	564	1477	1478	2680	2399
1	560	3047	3048	2347	2348
1	573	446	447	1157	1158	161
1	526	938	939	2204	2205	1488	1489
1	586	1161	1162	1163	2300	3327	3328	3329	3330
1	590	1857	1858	2968	2405	3562	3563
1	564	1795	1435	3331	1859
1	561	2969	2970	398	543
1	591	3459	3460	465	466	467
1	522	3273	2852	1219
1	499	1004	2625	545
1	484	1495	1496	1497
1	566	1863	1864	545	2982	412
1	566	1863	1864	545	546	547
1	579	1863	1864	545	468	469
1	566	2929	2930	2753	2754	414
1	560	2629	2630	752	551
1	589	619	2569	2570	2571	2572
1	500	2059	2172	2173	2174	917	918
1	527	2110	2111	628	629	630
1	584	1963	1964	819	820	705	1917	1918
1	575	631	632	1510	1511	1512
1	526	1719	2944	2945	1665
1	555	293	359	360	361	362
1	575	777	778	2887	2888	2889
1	592	2951	368	2460
1	535	3595	3596	2830	2831	1294
1	521	3312	3313	3314	990	991	992	1295	1296	1297
1	593	3445	874	2836	2468	2469	2470
1	532	944	2408	2409
1	588	118	119	2748	2749	2750
1	506	1588	2428	812	622	2430
1	563	1957	2004	813	814	2935	2936
1	524	2249	1966	1967	2646	821	3359
1	599	569	2651	2652	2653	2654	2655	2656	2657
1	524	2775	1842	1843	1844	259	794
1	590	2784	1853	1554	878	2966	1792	1793	2788	2789
1	523	1249	1250	1437	1438	1439	1440
1	553	2483	2625	545	1498
1	480	1913	1914	904	3527	3528	3529	3530
1	533	2397	3045	1848	1479	1480	1481
1	584	3046	1479	1480	1481	2681	2682
1	533	999	1000	264	2919	2920	2921
1	584	2968	2919	2920	2921	3332	3333
1	509	264	2919	2920	1436	1437	1860
1	592	2733	2734	2919
1	583	2756	2323
1	583	2322	2374
1	546	2375	2376	134	135	856	857	858
1	583	2714	1092
1	496	1270	1271	773	503
1	586	430	715	1272	503	504	505	865	866
1	583	1886	1981
1	583	1980	299
1	558	1203	1204	1109	1110
1	587	2678	3048	1153	1154
1	583	1984	2029
1	543	1153	1154	1155	1156	1157	1158	392	393
1	589	3554	1431	601	602
1	529	448	2202	2203	940	941	2916
1	502	1430	1431	1432	2140	2141
1	600	1430	1431	1432	1433	603	1122
1	583	1988	2143
1	587	2917	316	2144	2145
1	583	2142	2033
1	534	2032	2033	2034	2035
1	496	1123	1124	1125	747
1	529	1125	1126	1992	1074	1075	1076	1077
1	558	609	610	611	2226	2227
1	516	2228	2149	1897	1898
1	480	2148	2149	1897	1898
1	534	322	323	324	325	2150	2151	2152	2153
1	526	2857	2858	324	325	2150	2151	3023	2233
1	593	2857	2858	324	325	2150	2151	1899	1900
1	492	2150	2151	2859	1809	1995	1996
1	589	968	969	970	971	972	973
1	589	1946	2085	2086	2087	2088	2089	679	3057
1	482	3593	3594	3312
1	482	3391	3392	3146
1	513	2864	2865	973	974	975	976
1	573	708	709	710	711	712	713
1	573	928	929	930	931	932	933
1	573	3148	3149	3150	3151	3152	3153
1	589	2381	428	429	430
1	589	921	440	441	442
1	575	719	3431	3432	2123	2124	1199	1200	1148
1	528	443	444	2073	2074	2075
1	575	2679	1479	1480	1849	1850	798	799	446
1	589	314	315	316	3457
1	589	2981	546	2149	324	325	2150	2151	3023
1	566	2149	324	325	2150	2151	3023	3024	3025
1	575	1637	1638	1639	1640
1	547	340	341	342	343	344	345
1	524	486	487	488	346	347	2378
1	553	1022	1023	1650	1651	1652	1653	1654	1655	1656
1	571	2259	2260	2261	1825	862	863	1605
1	577	2264	2265	2018	2019	1275	1276	1277	1278	1279	1280
1	544	1281	1282	1283	1284	1285	1286
1	575	515	516	517	518	519	520	1204
1	568	1287	1288	3085	302	303	523	524
1	592	532	533	534	388	389	390	391
1	577	1159	1160	1486	1487	2206	2207	2208	2209	2210	2211
1	544	2212	2213	2214	2215	2216	2217
1	569	1405	1406	1407	1408
1	569	839	840	1241	1242
1	586	1243	3323	1748
1	506	2372	2373
1	498	2323	2324	2325	2326
1	498	2327	2328	1269	1270
1	498	2715	2762	2763	2764
1	498	2765	298
1	498	1887	1470	1471	1982
1	498	871	872	2346	3552
1	496	3551	3049
1	498	1985	1153	1154	2030
1	497	1989	317
1	498	2143	2144	2145	2146
1	509	1895	1896	2857	2858	1897
1	510	2027	872	2346	1153
1	513	1772	1773	1774	3072	3073	1275
1	500	2992	14	185	2993
1	490	758	2640
1	490	1028	3478
1	574	1447	1179	1180	1181
1	599	3202	3203	3204	3205	1306	1745	1746	1747	802
1	552	3113	3114	1911	1912	1913	3116	3117
1	465	2796	3412
1	446	2785	2786	2787	2352	2353
1	437	3197	1683	1050	1051
1	436	1010	697	960	961
1	424	1960	1961	1962	1963	1964	819	820
1	450	1230	3366	3367
1	398	1920	1451	913	914
1	476	1723	1724	363
1	461	2913	107	108
1	398	945	113	114	115
1	373	2602	2837	2838
1	414	3155	3156	3157
1	431	971	972	2866	2867	2868	2869
1	463	137	138	139	140	141
1	431	2168	2169	83	84	85	86
1	463	3585	3586	3587	3588	3589
1	463	3383	3384	3385	3386	3387
1	438	3317	3318	2292	2609
1	477	699	3571	851
1	466	2063	2064	2065	2066	2948
1	466	371	372	373	155	1292
1	466	2201	2202	2203	940	941
1	471	3555	3556	3557	2915	2611
1	421	2132	2133	2134	2135	2136	1158	1159
1	476	3275	1077	3463	615
1	445	2635	892	2638	2639
1	447	2405	2406	2407	3271	3272
1	429	2650	570	2012	2656
1	429	2737	2738	1252	3507
1	400	2238	3350	3351
1	435	1096	3372	3373
1	410	2410	1073	2309
1	413	2662	2663	439	2070
1	471	2800	2801	2802	2803	2804	2805
1	458	1013	1014	1015	3230
1	458	1819	1820	1821	1822
1	381	525	526	527	528	529	530	531
1	382	534	535	536	2137	2138	2139
1	407	1392	1703	1763	1764	1765
1	407	3128	1103	1104	1105	1106
1	530	1	2	173	1390
1	530	11	12	13	184
1	530	2518	2519	2520	194
1	530	33	34	35	204
1	530	45	46	47	214
1	522	2511	17	18	19	190	191
1	522	1372	51	52	53	220	221
1	500	2925	2926	2985
1	500	3345	3346	1867
1	569	3031	3032	3033	3356	2432	2433
1	587	3288	3289	3290	3291	3292	3416
1	524	1425	1426	2349	2350
1	543	911	912	1452	1453	1454	241	242
1	516	2671	1838	1839	3438	2281	2900
1	551	654	655	656	657
1	595	112	946	1570	2094
1	487	2620	2481	3408	1005
1	593	2878	580	2267	647
1	496	2304	2622	2623	2624
1	537	1005	1006	2369	2312	2709	2710
1	576	1698	66	555	556	557	2574
1	594	2244	2245	2246	1705	2114	3038	905
1	569	2575	562	563	564
1	531	1915	3039	822	823
1	544	1459	1460	3244	3245	3246	3247	1195
1	531	3370	1414	1415	1416
1	560	1838	2187	1730	1544	1545	1546	1547
1	583	2486	2419	1009
1	507	2489	2490	960	961
1	598	2581	1402	1403	1404	1405
1	559	1181	1182	1183	1184	1185	1186	1187	1459
1	586	1238	828	829	830
1	598	3200	836	837	838	839
1	488	1740	1741	1742	1743	1744	2296	2297
1	571	669	3099	3100	3101	843	1565	1566
1	559	3009	3010	3011	3012	3013	3014	3015	2702
1	583	1758	1759	1760	1761	1762
1	522	1455	1456	1457	1721	1522	1523	1524	1525
1	578	1104	3193	3194	3195	3196	3197	1541	1542	1543
1	559	3251	3252	1779	1937	792	3440	591	592
1	574	255	256	1680	258	3439	2901	2902	2903
1	574	3140	3141	3206	3207	3208	3395	3396	3397
1	539	3262	3263	3264	3265	3266	1309	1310	1170
1	522	1316	1317	2306	808	2745	2746	1323	1324
1	553	2964	2965	879	1244	670
1	572	1673	1674	1675	1836	3251	2773	2774	2827
1	518	2957	1734	2286	2194	1688	2196	2197
1	592	1553	2290	2291	666	3143
1	590	3319	3320	3321	1744	2689
1	550	109	110	111	2356	2357	2358	2359
1	557	2157	703	704	705	706
1	530	2293	3393	2690
1	548	2807	1881	3237	2810
1	521	3381	3382	990	991
1	495	992	993	2601	1944
1	574	2610	3051	2846	1065	1066
1	537	88	89	510	3079	2767
1	521	3224	849	850	851	852
1	576	1021	1022	1089	1090	3235
1	521	1142	2871	2872	1881	1882
1	503	2346	3552	3553	3554
1	521	941	942	943	3214	3215
1	535	2100	2101	2102	3020	3021	3022	326
1	599	745	2977	2978	2037
1	589	3547	3548	1207	96
1	557	1289	1108	1205	1151	96
1	598	304	2343	2131
1	498	3476	3477	351	352
1	550	1969	1146	769	770	771
1	595	3480	2947	2067	3481
1	493	1038	1039	3303	3304
1	573	2069	2070	1147	1201
1	595	301	2776	2777	2778	306
1	498	731	732	307	308
1	573	1478	2680	445	2400
1	490	733	734	735	736	1428
1	597	395	1622	606	269	270
1	570	1623	1624	1625	463	464	406	407
1	597	410	1806	2983	470
1	561	410	1806	1807	616	617	328	329
1	493	1632	1633	3464	3465
1	498	1634	1635	1636	333
1	579	1256	1257	129	811	812
1	590	338	893	3064	1258
1	561	130	2932	2933	2934
1	579	767	768	3296	1595	1596
1	526	3070	1274	2020	2021
1	561	922	1040	1041	3305
1	567	1199	1200	2338	301
1	526	153	522	304	305
1	579	1846	1847	3046	98	1850
1	561	2077	733	734	309
1	524	798	799	2729	2730	2731
1	551	800	1482	1483	1484	1485
1	568	265	266	267	268	607	1003
1	537	2919	2920	2921	1001	1002	1003
1	524	267	268	269	544	1861	1862
1	590	2793	2794	2795	2626
1	591	2230	2231	2232	2628
1	536	413	3464	3566	2927	2928
1	566	2929	2930	2753	2629	2235
1	591	472	473	415	416
1	519	2236	3468	3469	475	476
1	578	1955	2108	3354
1	600	290	291	292	2175	1923	1924
1	512	1552	663	2839
1	572	2294	2843	2844	2845	1947
1	516	1064	1065	1066	1067	1068	1069
1	569	427	3297	2652	2653
1	497	2820	2821	2124	2667	2668	2669
1	533	3294	3066	3296	1970	1971	3361
1	509	2115	2116	2117	2385
1	533	999	263	2968	2919	2920	2921
1	590	756	1081	1082	853
1	593	134	135	856	3174	3175	1143
1	587	1144	429	2762	2763
1	589	1272	3184	1606	1607
1	554	504	3186	717
1	584	2947	2948	2949	1466	1467	1468	1469
1	592	1472	1473	1150	1206
1	598	1472	1473	1474	1475	1291	156
1	593	1203	1046	1047	1048	2676	2677
1	545	609	610	1218	2853	2854
1	516	1901	1902	752	753
1	595	1537	1538	1539	2828	2829	3597
1	595	685	686	2362	3511	3512	3513
1	574	431	432	433	434	920
1	589	2076	3047	3048	2347
1	582	2229	2795	2626	2627
1	589	3280	2629	2630	752
1	575	3026	1866	3567	415
1	550	2220	2221	2222	2223	2224	2225	612
1	575	274	275	276	489	490	491	1021
1	568	277	1018	1019	1020	1646	1647	1648	1649
1	586	1503	3115	1402
1	586	1409	1410	1234
1	586	3104	1579	3221	3222
1	508	1628	1629	1630	1631	1807	616
1	497	2757	854
1	506	2713	1091
1	496	3581	1884
1	497	2761	3582
1	506	1885	1980
1	496	869	1610
1	497	1609	870
1	506	1983	2028
1	497	1891	1892
1	506	1893	2032
1	498	2031	1123
1	496	3456	1990
1	598	727	728	301	302	303	523	524	525
1	513	1817	2643	2644	2645	2250	2251	1648
1	500	2988	174	175	2989
1	500	2996	2521	195	2997
1	500	3257	36	205	3258
1	500	1693	48	215	1694
1	555	3491	3492	3094
1	490	2720	923
1	490	1113	1208
1	490	605	1799
1	509	1215	3219	3220	3106
1	470	1333	1334	1335	1336	1337	1338
1	470	27	28	29	30	31	32
1	470	2544	2545	2546	2547	2548	1378
1	432	176	1335	8	181
1	448	2015	918	919	435	436	3427	3428
1	471	774	775	776	296	88
1	427	1102	252	2185	3252	3253	3254
1	427	594	595	596	597	3499	3500
1	526	1329	1330	1331	1332
1	530	5	6	7	8	9	10
1	526	1339	1340	1341	1342
1	560	2512	2513	2514	20	21	22
1	526	23	24	25	26
1	526	2530	2531	2532	2533
1	526	2540	2541	2542	2543
1	530	51	52	53	54	55	56
1	562	1549	1550	1551	1298	1299
1	594	3284	3170	3171	3172	3037
1	549	2938	2939	2940	573	3423	1519	243
1	593	995	1307	1162	2301
1	593	1442	1443	1005	1006	3338	3339
1	554	557	558	559	560	561	2576	2577	2578	2437
1	502	2940	2941	1602	643	3369
1	519	2439	2440	236	237	1448	824
1	585	2298	2299	3326	3267	2693	2694	846
1	583	1396	1397	69	70	71	72	73	74	75	76
1	597	589	590	3441	3442	2285	658	3092	3093
1	517	3140	3141	3142	3207	3208	3209	2475	2476
1	566	2686	2687	668	669	3099	3100	842	843
1	523	2704	2705	2706	2707	692	693	694
1	597	2704	2705	2747	2748	2311	2485	2486	2487
1	553	2740	1314	1574	1575	2702	2703	2704
1	595	2897	2898	2899	2282	2283	1686
1	595	2841	2842	1061	1062	1063	2692
1	579	3035	2158	629	857	281	282
1	504	2875	2171	915
1	504	2090	1070	116
1	599	3181	502	1273
1	557	1139	1767	1593
1	530	2257	2258	2330	2331	2332	1773	1774
1	561	2382	1029	1030	353
1	518	313	2918	2919	2920
1	485	466	809	3340	3341
1	500	2276	2277	2278	1728	2897
1	572	423	424	2163	2164	2165	2807
1	544	290	291	2813	2814	2815
1	584	2896	1540	1939	1940	1941
1	584	2840	2295	884	885	886
1	572	2294	3144	3145	3146	2083	2084	1947
1	506	1588	2428	2429	2430
1	546	3360	2010	2011	2012	2013
1	509	2664	2665	2666	1199	1200	2072
1	558	134	1087	1088	1023	1024	1025
1	586	3457	3458	3459	3460	3461	3462
1	589	2806	2807	2873	2874	82	142
1	556	810	1589	760
1	524	1657	1658	1659	2262	2263
1	598	347	348	2645	2250	2251	1648	1649	1650
1	599	2590	2591	831	832	833	834	835	3201
1	470	1343	1344	1345	2515	2516	2517
1	474	3088	1548	1549	1687	2195	2196
1	427	3531	3532	3533	3534	3243	3536
1	560	2502	2503	2504	2505	2506	10
1	591	3241	3242	3368	644	645	646
1	557	2183	2184	253	1678	1679	257	1681	1682
1	593	3357	3358	234	235	565	2442
1	537	234	235	1509	1713	1449	1450
1	594	1571	2479	806	1318	1319	1320	955	1322
1	570	3420	3421	3422	574	575	576	3535	1186	1187	1459
1	529	1313	2741	2742	2701	3016	2364	2365
1	517	1455	1456	2587	2588	1461	1462	246	247
1	582	2480	2621	2482	3510	119	120	121	122
1	502	671	672	673	674	675	676	1168
1	572	1514	1515	1516	1517	1518	3424	3425	1922
1	550	2285	1735	2905	2906	2907	2908	2909
1	585	117	1951	2363	3017	957
1	537	3176	3177	2254	1268	3236
1	500	2909	2910	2911	2912	2841
1	555	2279	2280	2281	1684	1685
1	525	2658	357	358	359	3371	2817
1	574	3006	3007	3008	3009
1	599	1869	1870	1871	1872	1398	1399	1400	1401	2582
1	552	829	830	588	3001	3002
1	462	184	185	186	187	1346	1347
1	560	1363	1364	1365	1366	1367	44
1	591	2112	2247	2248	1708	3526	3527	2441
1	541	3395	1164	1165	844	845	2695
1	568	2093	948	949	950	951	952	953	954	1321
1	529	1395	1704	1910	901	902	903	2438
1	506	789	790	791	792	2189	3089
1	585	3493	660	1689	3135	3136	3137	3138	1056
1	485	623	624	625	626	627	1706	818
1	461	1834	1835	1676	1677	2592	2593	2594
1	461	3173	1710	1711
1	560	1353	1354	1355	1356	1357	2529
1	560	1373	1374	1375	1376	1377	56
1	496	2445	2446	2447	1458	1188	1414
1	549	1786	1787	1739	3139	1790	1791	2967
1	574	1908	1909	2113	1399	1400	1504	1875	1876	906
1	563	3298	3299	354	355
1	580	2579	2580	907	77	78	79
1	593	653	3198	3199	1543	1731	1732	1783
1	596	2297	2298	2299	1164	1165	1166	1566	1567	1568
1	599	2583	2584	577	578	2880	2881	2589
1	462	72	1877	1878	1712	1713	1714
1	557	577	578	579	2879	1413	1098	1099

MyIndex	Index	StartTime	EndTime	StartStation	Endstation
1	2798	100	237	1453	3631
2	3164	103	170	1014	2997
3	1811	110	244	3631	1453
4	477	115	132	4513	927
7	2048	131	227	1014	2993
8	478	137	228	927	1479
11	1868	167	273	1014	1823
12	2317	175	213	4718	6263
14	63	182	311	2759	699
15	3223	187	296	4718	877
17	3165	198	247	2997	3480
20	2318	213	234	6263	4718
21	479	228	230	1479	4446
25	3166	265	327	3480	6710
26	2239	270	343	669	3480
28	3349	272	352	1419	669
31	1131	280	325	960	4377
35	755	298	405	3911	1453
36	2424	299	307	6116	5379
37	2319	306	330	4718	2262
38	2568	306	422	4377	4513
42	2107	314	387	3480	669
43	2425	316	360	5379	5398
44	2931	316	417	1453	4377
45	3027	320	348	4651	5498
47	2987	324	422	4475	3125
48	3518	324	416	3243	3631
49	1132	325	330	4377	4718
50	1079	327	448	7181	1075
51	2320	330	343	2262	4377
52	1812	337	486	1453	4377
54	1175	339	416	1756	1175
55	2155	341	381	5789	4185
58	3570	348	421	3243	3631
59	1956	350	396	669	3152
60	1444	351	420	1938	1175
63	1223	354	442	2221	14
69	3225	372	435	3113	1453
70	1012	373	521	4630	7191
73	224	384	440	4630	4377
75	3414	384	434	2759	6849
77	1133	386	420	4718	3012
78	1500	389	451	1938	1175
79	3028	389	445	5498	3125
84	2799	403	468	3631	508
86	2426	407	437	5398	6116
90	700	419	448	3631	4185
91	1134	420	428	3012	6263
103	757	458	493	997	1075
106	1080	465	502	1075	997
107	3520	466	512	5789	4185
108	2711	470	651	3139	1453
111	417	478	560	1419	3480
112	3029	478	668	3125	2759
116	1813	486	500	4377	2262
120	2427	501	759	6116	4513
123	1814	506	535	2262	4238
129	1815	535	541	4238	5078
131	339	543	566	4377	4446
143	1906	573	782	1014	6142
151	1816	600	615	5078	3012
152	2863	606	637	1197	3243
156	273	635	658	4377	4446
170	3030	688	809	2759	699
203	2573	799	922	5915	5100
205	1391	805	806	3638	2221
207	1135	812	844	6263	4718
223	2049	852	954	2993	7331
242	2712	908	1088	1453	3139
244	2005	919	1180	4513	6116
266	1016	958	1063	4377	4513
273	2051	978	1036	3125	5498
276	1907	984	1186	6142	7331
279	1501	988	1061	1175	1756
282	1176	992	1056	1175	1938
313	2990	1045	1142	3125	4475
314	3065	1047	1087	6849	2759
316	3112	1052	1116	1175	1938
318	897	1058	1110	6849	2759
320	2052	1058	1085	5498	4651
324	1502	1061	1114	1756	6142
325	2758	1063	1181	1453	3911
328	2156	1073	1122	4185	830
333	1445	1077	1151	1175	1756
354	898	1128	1322	2759	3125
355	3231	1128	1203	7191	7181
366	133	1142	1282	4377	1453
376	701	1164	1217	4185	830
381	3473	1175	1233	4377	6804
383	816	1178	1230	6849	2759
406	1224	1231	1266	14	2221
416	855	1252	1370	3139	3113
428	1225	1266	1390	2221	4718
441	349	1295	1353	4377	6804
456	817	1336	1470	2759	699
459	1261	1340	1519	4513	4238
471	1766	1366	1509	2221	6296
492	1226	1406	1504	4718	2221
539	280	1540	1677	1453	3631
586	707	1679	1797	830	3243
602	3579	1715	1953	1453	6116
614	2759	1738	1845	3911	1453
615	2006	1739	1747	6116	5379
617	1768	1746	1862	4377	4513
624	2007	1756	1800	5379	5398
626	2053	1760	1788	4651	5498
629	977	1764	1856	3243	3631
631	2991	1764	1862	4475	3125
633	3232	1767	1888	7181	1075
636	496	1777	1926	1453	4377
637	3474	1777	1781	6804	6949
638	1446	1779	1856	1756	1175
648	3475	1791	1854	6949	4377
651	1227	1794	1882	2221	14
661	1818	1813	1961	4630	7191
667	1592	1824	1880	4630	4377
669	350	1825	1885	6804	4377
670	2054	1829	1885	5498	3125
671	3118	1829	1891	1938	1175
681	2008	1847	1877	5398	6116
689	978	1859	1888	3631	4185
692	2648	1864	1925	4513	3870
701	1228	1882	1928	14	2993
709	1027	1898	1933	997	1075
711	3233	1905	1942	1075	997
713	2808	1906	1952	5789	4185
719	2055	1918	2108	3125	2759
727	2009	1941	2199	6116	4513
738	3580	1970	2016	6116	3139
739	3417	1971	2011	699	5287
745	1770	1983	1988	4377	5078
758	3418	2011	2107	5287	5100
759	238	2013	2222	1014	6142
768	2649	2034	2158	3870	5915
769	1771	2040	2055	5078	3012
793	2056	2128	2249	2759	699
837	571	2239	2357	5915	5773
845	639	2268	2349	1014	2221
859	2170	2289	2297	3631	5789
860	1229	2292	2394	2993	7331
884	640	2349	2384	2221	14
886	572	2357	2359	5773	5100
887	2118	2359	2620	4513	6116
888	2809	2361	2407	4185	830
899	714	2378	2535	3243	4196
913	860	2398	2503	4377	4513
924	1231	2418	2476	3125	5498
927	239	2424	2626	6142	7331
948	144	2470	2494	3631	6888
954	979	2477	2515	4185	3631
960	3479	2484	2638	1075	4377
961	2994	2485	2582	3125	4475
962	3042	2487	2527	6849	2759
967	1232	2498	2525	5498	4651
970	3364	2498	2550	6849	2759
974	2716	2503	2621	1453	3911
984	3119	2517	2591	1175	1756
1002	1823	2568	2643	7191	7181
1004	3365	2568	2762	2759	3125
1032	3301	2615	2673	4377	6804
1035	2386	2618	2670	6849	2759
1042	1095	2642	2837	1453	5789
1058	641	2671	2706	14	2221
1061	145	2677	2736	6888	3243
1070	3583	2692	2810	3139	3113
1082	1603	2706	2780	7331	2221
1094	1827	2735	2793	4377	6804
1098	642	2745	2840	2221	7331
1112	2387	2776	2910	2759	699
1127	1604	2806	2949	2221	6296
1149	1775	2846	2944	4718	2221
1163	1233	2879	2917	4651	1014
1178	2177	2923	2975	1419	2759
1199	1664	2980	3117	1453	3631
1243	1925	3118	3159	5789	6888
1257	2661	3151	3201	2759	6849
1258	867	3155	3393	1453	6116
1263	1926	3163	3216	6888	3243
1270	2717	3178	3285	3911	1453
1271	2119	3179	3187	6116	5379
1275	3187	3186	3302	4377	4513
1280	2120	3196	3240	5379	5398
1283	3537	3200	3228	4651	5498
1286	146	3204	3296	3243	3631
1288	2995	3204	3302	4475	3125
1290	1977	3207	3328	7181	1075
1293	1828	3217	3221	6804	6949
1294	2068	3217	3366	1453	4377
1295	3120	3219	3296	1756	1175
1296	1725	3221	3261	5789	4185
1301	1927	3228	3301	3243	3631
1306	1829	3231	3294	6949	4377
1308	1776	3234	3322	2221	14
1317	2333	3253	3401	4630	7191
1322	1037	3264	3320	4630	4377
1324	3302	3265	3325	6804	4377
1326	3538	3269	3325	5498	3125
1337	2121	3287	3317	5398	6116
1346	147	3299	3328	3631	4185
1347	1101	3302	3338	1014	6900
1348	3188	3304	3365	4513	3870
1354	148	3328	3478	4185	3243
1364	2719	3338	3373	997	1075
1367	1978	3345	3382	1075	997
1373	3539	3358	3548	3125	2759
1382	2122	3381	3639	6116	4513
1394	868	3410	3456	6116	3139
1415	3248	3453	3662	1014	6142
1424	3189	3474	3598	3870	5915
1453	3540	3568	3689	2759	699
1501	3192	3679	3802	5915	5100
1526	1930	3729	3737	3631	5789
1534	149	3752	3764	3243	1480
1545	2822	3779	3923	3870	5915
1552	2125	3799	4060	4513	6116
1555	150	3806	3818	1480	3243
1563	151	3818	3975	3243	4196
1576	3377	3835	3844	830	3631
1579	2337	3838	3943	4377	4513
1583	1042	3850	3864	4377	2262
1588	2998	3858	3916	3125	5498
1591	3249	3864	4066	6142	7331
1609	3484	3908	3914	4377	2136
1610	3592	3910	3934	3631	6888
1618	3129	3918	3937	7331	1175
1623	924	3924	4078	1075	4377
1624	1421	3925	4022	3125	4475
1625	3044	3927	3967	6849	2759
1626	3485	3930	3947	2136	4238
1630	584	3938	3990	6849	2759
1634	2999	3938	3965	5498	4651
1637	1888	3943	4061	1453	3911
1647	3130	3957	4031	1175	1756
1663	585	4008	4202	2759	3125
1665	2024	4008	4083	7191	7181
1669	94	4012	4073	4377	4630
1690	1726	4044	4097	4185	830
1695	2339	4055	4113	4377	6804
1722	1777	4111	4146	14	2221
1732	1611	4132	4250	3139	3113
1733	2723	4132	4193	4377	4630
1756	729	4175	4233	4377	6804
1762	1778	4185	4280	2221	7331
1776	3437	4216	4350	2759	699
1791	1107	4246	4389	2221	6296
1815	3490	4286	4384	4718	2221
1827	3000	4319	4357	4651	1014
1845	2464	4368	4640	669	3243
1867	926	4420	4557	1453	3631
1910	927	4557	4667	3631	3243
1924	2396	4591	4641	2759	6849
1927	3549	4595	4833	1453	6116
1938	1889	4618	4725	3911	1453
1939	2126	4619	4627	6116	5379
1949	2127	4636	4680	5379	5398
1951	3255	4640	4668	4651	5498
1955	1422	4644	4742	4475	3125
1956	2465	4644	4736	3243	3631
1958	2025	4647	4768	7181	1075
1961	157	4657	4806	1453	4377
1962	2340	4657	4661	6804	6949
1963	3131	4659	4736	1756	1175
1973	2341	4671	4734	6949	4377
1974	3003	4671	4740	1938	1175
1976	1152	4674	4784	4377	1453
1986	2724	4693	4841	4630	7191
1990	3598	4701	4921	4185	4513
1991	95	4704	4760	4630	4377
1994	730	4705	4765	6804	4377
1995	1240	4709	4771	1938	1175
1996	3256	4709	4765	5498	3125
2007	2128	4727	4757	5398	6116
2010	2342	4734	4748	4377	2262
2013	1111	4738	4762	1453	997
2016	2466	4739	4768	3631	4185
2017	593	4742	4778	1014	6900
2018	2779	4744	4805	4513	3870
2035	1112	4778	4813	997	1075
2037	2026	4785	4822	1075	997
2039	1942	4786	4832	5789	4185
2046	1423	4798	4988	3125	2759
2055	2129	4821	5079	6116	4513
2067	3550	4850	4896	6116	3139
2086	1054	4893	5102	1014	6142
2096	2780	4914	5038	3870	5915
2127	1424	5008	5129	2759	699
2175	2962	5119	5237	5915	5773
2176	1690	5121	5126	7331	3125
2215	99	5219	5363	3870	5915
2221	3095	5229	5264	2221	14
2223	2963	5237	5239	5773	5100
2224	3602	5239	5500	4513	6116
2225	1943	5241	5287	4185	830
2236	934	5258	5415	3243	4196
2248	2728	5278	5383	4377	4513
2258	3259	5298	5356	3125	5498
2261	1055	5304	5506	6142	7331
2280	3390	5350	5374	3631	6888
2287	2467	5357	5395	4185	3631
2292	1209	5364	5518	1075	4377
2293	1691	5365	5462	3125	4475
2294	262	5367	5407	6849	2759
2296	841	5372	5436	1175	1938
2303	2683	5378	5430	6849	2759
2304	3260	5378	5405	5498	4651
2307	1986	5383	5501	1453	3911
2318	3004	5397	5471	1175	1756
2332	159	5448	5523	7191	7181
2335	2684	5448	5642	2759	3125
2339	1618	5452	5513	4377	4630
2365	2401	5495	5553	4377	6804
2385	537	5540	5598	960	4377
2392	3096	5551	5586	14	2221
2402	1210	5572	5633	4377	4630
2403	3050	5572	5690	3139	3113
2423	598	5603	5677	7331	2221
2427	538	5615	5673	4377	6804
2434	3097	5625	5720	2221	7331
2441	2685	5642	5649	3125	1014
2465	599	5686	5829	2221	6296
2476	311	5714	5885	6710	5481
2487	1213	5726	5824	4718	2221
2500	160	5759	5763	7181	4446
2501	801	5759	5917	6849	1014
2502	3261	5759	5797	4651	1014
2539	2081	5860	5997	1453	3631
2550	312	5898	5984	5481	4513
2582	2082	5997	6035	3631	6888
2597	998	6031	6081	2759	6849
2600	3454	6035	6273	1453	6116
2603	3147	6039	6111	6888	3243
2612	1987	6058	6165	3911	1453
2613	3603	6059	6067	6116	5379
2622	3604	6076	6120	5379	5398
2624	3501	6080	6108	4651	5498
2628	1692	6084	6182	4475	3125
2631	1120	6087	6208	7181	1075
2634	394	6097	6246	1453	4377
2635	539	6097	6101	6804	6949
2636	3005	6099	6176	1756	1175
2645	540	6111	6174	6949	4377
2649	1214	6114	6202	2221	14
2659	1619	6133	6281	4630	7191
2664	739	6144	6200	4630	4377
2666	2402	6145	6205	6804	4377
2668	3502	6149	6205	5498	3125
2678	3605	6167	6197	5398	6116
2687	3398	6182	6218	1014	6900
2688	2735	6184	6245	4513	3870
2695	740	6200	6214	4377	2262
2707	604	6218	6253	997	1075
2709	1121	6225	6262	1075	997
2711	1948	6226	6272	5789	4185
2717	3503	6238	6428	3125	2759
2727	3606	6261	6519	6116	4513
2740	3455	6290	6336	6116	3139
2761	2477	6333	6542	1014	6142
2771	2736	6354	6478	3870	5915
2800	3504	6448	6569	2759	699
2820	1311	6495	6501	7331	7073
2824	1752	6504	6509	7331	3125
2838	1753	6532	6565	3125	6563
2845	167	6547	6549	1419	6849
2851	2739	6559	6682	5915	5100
2869	1754	6604	6637	6563	3125
2887	1755	6652	6687	3125	6563
2893	1251	6659	6803	3870	5915
2900	3564	6679	6940	4513	6116
2901	2847	6681	6727	4185	830
2928	1756	6724	6757	6563	3125
2936	1695	6738	6796	3125	5498
2939	2478	6744	6946	6142	7331
2943	3399	6751	6818	6900	7331
2959	3059	6790	6814	3631	6888
2966	1173	6798	6817	7331	1175
2971	1800	6804	6958	1075	4377
2972	1757	6805	6902	3125	4475
2973	168	6807	6847	6849	2759
2979	1696	6818	6845	5498	4651
2981	3334	6818	6870	6849	2759
2985	1894	6823	6941	1453	3911
2999	1174	6868	6941	1175	1756
3002	803	6874	6966	1823	1184
3004	1312	6876	6887	7073	7331
3012	3335	6888	7082	2759	3125
3014	271	6892	6953	4377	4630
3035	1949	6924	6977	4185	830
3043	2922	6938	6990	6849	2759
3068	3060	6997	7056	6888	3243
3071	804	7007	7020	1184	7331
3075	1991	7012	7130	3139	3113
3098	1801	7055	7113	4377	6804
3108	3336	7082	7094	3125	1184
3115	2923	7096	7230	2759	699
3147	3616	7166	7264	4718	2221
3169	318	7237	7317	3139	3911
3194	748	7300	7437	1453	3631
3215	3617	7378	7407	2221	86
3227	3618	7407	7441	86	2221
3235	3337	7438	7518	1184	2997
3246	1127	7463	7565	3113	3631
3266	613	7527	7648	7181	1075
3267	3107	7535	7579	14	3125
3271	2147	7542	7731	3139	1453
3277	3619	7554	7642	2221	14
3283	1802	7585	7645	6804	4377
3297	1220	7624	7685	4513	3870
3300	169	7636	7694	2759	4778
3315	3108	7678	7868	3125	2759
3320	170	7694	7738	4778	2759
3322	3565	7701	7959	6116	4513
3323	614	7704	7858	1075	4377
3328	3409	7714	7727	1419	4778
3331	3410	7727	7771	4778	2759
3333	2103	7731	7850	5789	3243
3353	3061	7793	7869	3243	3631
3354	1221	7794	7918	3870	5915
3378	171	7888	8009	2759	699
3389	1222	7940	7947	5915	699
3411	327	8063	8153	877	4446
3412	2751	8063	8205	5789	669
3413	1328	8072	8257	669	830
3416	3342	8097	8162	4513	5915
3419	1808	8099	8245	4718	877
3422	548	8119	8380	4513	6116
3434	3515	8167	8169	830	5789
3437	3343	8189	8196	5915	699
3439	2752	8208	8300	669	1419
3440	2984	8208	8294	4513	6849
3442	3278	8219	8368	4718	3251
3451	2044	8242	8244	4238	4718
3455	2423	8283	8437	669	830
3457	1386	8286	8297	4621	1070
3461	3109	8328	8522	2759	3125
3465	1810	8343	8507	3113	830
3468	2154	8348	8530	1453	3139
3472	3279	8368	8420	3251	4196
3475	1994	8418	8529	5789	3113
3476	1583	8445	8533	1014	2997
3479	695	8464	8528	1014	2997
3481	1387	8474	8500	1070	4010
3482	3466	8495	8553	4377	6804
3483	1011	8529	8608	3480	1419
3484	2491	8536	8681	669	830
3485	3411	8536	8670	2759	699
3487	1584	8542	8587	2997	3480
3489	696	8547	8593	2997	3480
3492	2860	8593	8685	877	4446
3493	3344	8595	8714	699	2759
3496	1128	8600	8698	3631	3113
3497	959	8613	8762	5789	669
3498	1585	8619	8678	3480	6710
3499	698	8673	8818	669	830
3500	2492	8681	8683	830	5789
3501	1997	8740	8877	1453	3631
3502	749	8750	8884	3631	1453
3506	1129	8903	9005	3113	3631
3507	962	8911	8983	2997	7331
3509	1388	8979	9049	4010	6563
3510	963	8983	8987	7331	4888
3513	3467	9025	9085	6804	4377
3516	750	9068	9174	1453	3911
3520	3110	9118	9308	3125	2759
3521	2234	9135	9182	1453	4196
3522	549	9141	9399	6116	4513
3525	751	9185	9291	3911	1453
3531	1865	9225	9311	6849	4513
3538	3413	9328	9449	2759	699
3540	2631	9344	9344	1453	877
3542	550	9399	9503	4513	4196
3551	2315	9481	9543	6710	4513
3553	1903	9548	9654	1453	3911
3554	3281	9559	9820	4513	6116
3556	3160	9561	9607	4185	830
3557	2316	9573	9590	4513	927
3559	2797	9585	9609	699	3152
3561	2493	9596	9843	5789	3480
3563	3161	9607	9609	830	5789
3566	3062	9652	9726	3631	3243
3568	1904	9665	9771	3911	1453
3573	127	9682	9819	1014	2993
3577	2986	9768	9962	2759	3125
3579	1998	9770	9827	3631	508
3580	334	9772	9833	4377	4630
3582	2632	9772	9937	877	4238
3584	1905	9788	9970	1453	3139
3586	2045	9813	9837	4718	3012
3587	964	9816	9904	4888	2997
3589	2046	9837	9851	3012	4718
3590	552	9843	9860	4513	927
3591	618	9856	9886	4446	960
3592	2494	9860	9906	3480	2997
3593	3162	9878	10025	5789	669
3594	3516	9887	10036	5789	669
3595	2237	9892	9953	4377	4630
3596	1641	9893	9965	7191	7181
3597	3569	9902	10042	4377	1453
3598	2495	9915	9965	2997	3480
3599	2861	9917	10017	4446	4513
3600	965	9929	10012	2997	7331
3601	2755	9935	9993	4377	6804
3602	2633	9937	9939	4238	4718
3603	2496	9975	10059	3480	699
3604	3348	9976	10080	2759	699
3606	754	9990	10059	1453	960
3607	2047	10011	10080	4718	4513
3608	966	10012	10014	7331	1014
3609	967	10014	10058	1014	6900
3610	2862	10022	10080	4513	1419
3612	1954	10035	10080	699	2759
3613	3163	10035	10058	669	6710
3615	1130	10040	10080	3631	3113
3616	3517	10043	10080	669	1419
3617	2634	10046	10080	4718	2221
3618	1499	10062	10080	3152	1419
