Costs	Duraton	Task_1	Task_2	Task_3	Task_4	Task_5	Task_6	Task_7	Task_8	Task_9	Task_10
1	433	936	937	938
1	373	1043	361	7	8
1	400	1599	1600	1601	1602
1	479	1390	2377	2378	573	574	575
1	458	2438	1282	2069	1898
1	435	2878	2213	142	143	144
1	389	824	825	826	1666	1667	1668
1	427	768	769	770	771
1	448	1814	1815	1816	1817	1818
1	380	860	740	741	742
1	365	688	689	1698
1	363	613	614	2540
1	419	1508	490	491	492	493
1	465	1941	1942	1943	545
1	415	272	273	2744	275
1	439	163	3119	1059
1	471	495	496	497	498	1093
1	461	529	530	531	532	1454	1455
1	440	2277	2278	2279	2280	2281
1	382	2283	2284	2285	2286	2287	2288	2289	2290	2291
1	460	1216	2528	2529	2881
1	463	2495	2496
1	410	1719	502	503
1	458	552	553	554	476
1	473	1702	1703	1704	1705	2002	2003
1	462	698	699	2082	701	702	703
1	462	894	2089	2792	2793	2794	2232
1	462	2790	2791	710	711	712	713
1	462	638	1556	124	1325
1	402	122	123	640	1325
1	432	2665	1566	134	2668
1	462	132	133	2667	135	136	2133
1	440	2395	886	1951	702
1	440	1951	2396	2397	704
1	470	2244	1320	1321	1555
1	470	1556	1557	125	126	127	128
1	435	1956	1045	1850
1	463	1246	3003	624
1	380	2950	3058	2952
1	424	923	924	2660	3026	3027
1	452	1776	360	1223
1	400	2568	2569	584
1	401	802	803	804	805	806	807	808
1	465	2201	2202	2203	2204	499
1	379	1263	1624	1625
1	380	1269	294	295
1	448	2619	2620	1092	1147	1148
1	471	2993	157	158	1913
1	471	2357	2358	2359	2360	2361	2362	2363
1	471	2958	2959	2960	2961	2962	392
1	476	2771	2772	2773	207	208	259
1	466	315	316	317	318	2884
1	466	1982	1983	1984	1985	1986
1	555	118	119	566	1136	1137	1138
1	707	1536	1296	1297	1298	215	216	217	1594	1595	1596	1116
1	654	1354	2223	2224	2225	2226
1	656	2227	2228	2229	2230	2231	2405	2406	2407	2408
1	529	1734	1735	719	720	1123	1124	1125
1	599	1734	1735	719	1551	1552	2102	2103	2104
1	618	2651	2031	2032	2033	430	431	1255
1	620	121	122	123	1745	1746	1747	1748	1749
1	615	1878	1879	2710	2711	2712	1884	1885	1886
1	685	1878	1879	1880	1881	289	290	291	292	2052	2053
1	598	1887	2485	2486	2487	2488
1	703	2192	1276	1277
1	705	2613	301	1571
1	638	1763	1764	1516	651	652	653	404	2579
1	597	1154	1155	1156	352	353	354
1	494	1532	1533	1409	353	354
1	570	2724	353	2338	2339	2340
1	615	1534	1535	1536
1	659	946	1964	1965	511	512	513	514
1	615	2460	2461	2462
1	608	515	516	2600	2601	2602	2840	2841	332	333
1	615	427	670	671
1	659	1731	1732	1733	1734	2800	1736	2802	2803	2804	2805	2806
1	574	2649	2650	3008	672	2479	2105
1	689	2655	2856	2251
1	687	2196	2197	2198	1895	3144	3145	653	404	2579	2580
1	678	1410	2726	2727	990	1472	1473	2218	2219	2832
1	705	1597	1598	9	2596	511	512
1	651	1305	1859	2351	2352	2601	2602	2840	2841	2842	424
1	686	3048	3049	3050	3051	1864	1865	1866
1	713	1375	1376	1377	2475	2476	2477	2478
1	615	1867	671	1869	1870	1871	1872	1873	1874	632	633
1	713	2859	2860	2861	1270	2716	2717	2718	2719
1	709	1758	1759	1760	1761	1762	3140	3141	3142	3143
1	700	930	1278	932	933	1896	1400	3083	3084	3085
1	707	5	6	7	1167	1168	1169	1361	1362	1363
1	661	1779	1594	1595	1781	1782	1783	1784	1961	1962	1118	997	998
1	552	517	330	278	1244
1	551	2354	423	2944	335
1	671	2413	423	424	425	426	1731	1732	2948
1	603	2949	625	2849
1	702	1498	1499	2372	2373	2374	2375	2859
1	682	1623	1389	978	979	2049	2050	2051
1	715	1391	2253	2254	1199	1200	2255	2256
1	540	2052	2053	2054	2055	2056	2057	2058	2059	2866	2720
1	681	2257	2258	2259	2260	2616	2437	1894
1	720	1151	1152	2444	2445	2446	1525	1526
1	587	2046	2047	2048	980	981	1994
1	632	1995	3135	3136	579	30	31
1	635	1114	1115	1785	1786	510
1	503	337	338	339	2148	19
1	496	626	627	2808	2850	432	1925
1	655	576	577	578	579	580	581	582	583	2437
1	688	928	929	2572	3140	3141	1765	1766	1767	1768
1	719	363	364	2934	2935
1	703	2145	364	2934	2835
1	675	2938	2939	277	1728	3048	3049	3050	3051
1	513	2750	2751	1685	1686
1	700	1612	1613	676	677	678	679
1	719	3129	1688	2154	342
1	702	341	1688	2154	342	1927	2155
1	702	343	1204	3077	983	984	985
1	675	1029	1030	1031	1899	1900
1	712	986	1900	36	37	2875
1	644	2213	2214	2215	2143	2012	2013
1	689	2213	351	2726	2727	990	991	992
1	584	2751	1685	1686	1687
1	629	2751	2302	2303	2304	2305	1610
1	509	1688	973	974	2041	1023
1	487	1028	1029	1030	1031	1032
1	619	753	754	755	756	757	2927
1	566	756	757	2879	2880	2530
1	560	2880	2881	3097	3098
1	679	759	760	761	2291	2882	831
1	607	2735	2736	2737	2738	2020	2021	834
1	484	95	96	1672
1	579	832	833	364	1050	2742
1	684	1670	1671	1672	2934	11
1	655	268	269	270	271	1791
1	607	1673	1674	1675	2298	161
1	697	474	475	555	1723	1724	1725
1	679	1676	1677	1678	1679	1680	374
1	702	12	1678	1679	1680	374	60	61
1	717	60	1602	1603	1604	1605	1606	1607	1608	1609
1	606	1431	1186	1187	1188	1189	1190	3127	1192
1	705	173	2550	23	24
1	655	2552	2553	2554	681	789
1	561	1074	182	183	184
1	702	3131	74	1454	1455	1456	1200	1201
1	700	792	1199	188	189	535
1	564	1457	1630	3077	344
1	716	1457	1458	78	79
1	679	1996	860	861	1697
1	680	687	1695	689	1089	1938
1	560	1205	1206	1207	1208
1	603	3033	3034	3035	3036	2438	1282
1	705	1939	1284	2922	2923
1	485	2069	2070	2071	2072	81
1	680	1034	1035	347	593
1	718	594	595	596	597	2075
1	561	40	2524	2525	2589
1	672	597	2075	1101	598	599
1	623	1712	1713	1714	2010	2928	2929
1	664	2450	2451	2452	2453
1	573	2010	2011	758	2531
1	717	267	414	224	225	226
1	674	2293	472	473	835	836	837	838
1	668	2534	2535	366	767
1	709	2538	3113	3114	3115	3116	3117	3118	770	771
1	664	1795	1796	1797	109	110	111
1	674	2471	2171	2172	519	520	774	775
1	677	842	843	844	845	1013	1014	1015
1	641	112	113	521	522	523
1	536	2753	2754	1016	966	967
1	664	2755	1813
1	629	727	728	729	1689	1690	1691	1692
1	715	1693	252	253	1629
1	664	2912	1694
1	616	1084	739	861
1	493	1458	1459	1695	1696
1	678	1460	1461	1462	1463	1464	1831	1832
1	550	862	863	2067	1463	1464	1831	1832
1	673	1697	80	1636	1637	1283	1284
1	671	1701	1097	1098	1099
1	567	2522	2523	1100	1213
1	573	1037	1038	1039	2211
1	657	1656	1657	1658	818	819	820	821
1	530	822	823	2454	2455	2456
1	649	829	830	2883	319	99
1	669	607	608	609	610	611	612	100	101
1	538	97	98	99	100	101
1	651	102	103	104	105	769
1	511	958	959	960	961	1061	1062
1	527	962	963	1068
1	598	1063	1064	1065	1066	1067	174
1	604	381	382	71	23
1	571	2905	2906	2907	2908	246	247	248	2319	2320
1	589	2321	2322	1629	534
1	669	2122	2123	2916	2917	2918	1824	1825
1	717	2762	2763	2764	1085	1086	446	447
1	598	2124	2125	447
1	654	2919	2920	864	865	866	867
1	684	1826	1827	1828	1829	1830	452	453	1831	2517
1	598	448	449	450	451	744	745	453	1831	1940
1	557	1463	1464	1831	1832	1833	2921	2922
1	715	1463	1464	1831	1284	2623	2624	1943	1944
1	553	2644	1426	1427	1428	17
1	718	3126	1191	1192	1193	1194	1195	1196	911	912	913	914
1	589	755	85	86	87	88
1	662	579	580	581	582	3034	32
1	488	615	2541	3117
1	659	964	965	966	967	968	2899
1	698	2120	2121	2762	2763	2764	489
1	657	1660	1661	1662	1663	1664	1665
1	720	2680	2681	2682	2683	2284	2285	2286	2287	2288	1667
1	483	2684	44	45	46	47
1	505	1668	1669	3102	3103	3104	3105	3106	3107
1	657	3108	49	50	51	52	53
1	687	54	55	56	57	2467	2468	2469	2470	232
1	550	1798	1799	1800	1801	1802
1	544	233	234	235	236	237	238
1	575	1803	1804	1805	1806	1807	1808	67	68
1	663	69	70	71	244	528
1	610	2311	2312	2313	2314	2315	2316	2317	2318
1	720	1082	1083	1821	1822	1823	1824	1825	1826	1827
1	668	1141	1142	857	738	489	490
1	544	196	197	198	199	200	201
1	708	454	455	456	457	458	459	460	461
1	620	1664	1665	827	828	45	46	47	48
1	654	725	726	2310	2311	2312
1	692	547	1659	1660	2282
1	536	1470	1471	2727	2728
1	560	1201	1202	1203	1204	536	537
1	607	403	2266	1641	1642	1643	2582	1153
1	589	2142	2880	2881	3097
1	680	604	605	606	318	1048
1	695	1049	365	2296	2297	2298
1	709	2299	418	2542	1679	1680	109	2300
1	683	2895	2896	2897	2898	1193	1194	1072
1	695	1073	1074	1021	1022	732
1	571	2759	185	186	187	685
1	720	3032	1089	1090	2515	495	542
1	695	543	544	1098	347
1	664	2009	1715	1716	1717	1718
1	654	466	410	1718	2497	2498
1	530	468	502	503
1	616	2691	2166	2167
1	593	470	471	2501	2502
1	703	2501	417
1	543	368	369	370	371	372	373	1681	1682
1	703	2892	482
1	703	2505	2547
1	586	2894	66	1809	1810	1811	1812
1	702	849	850	67	1983	1984	175	176	177	178
1	664	179	180	181	1075	1076	1077
1	703	2509	486
1	703	852	2183
1	534	485	486	1078	1079
1	720	734	735	1140	1082	1083	1084
1	583	1143	1144
1	696	2765	2768
1	703	2513	2514
1	558	1091	2516	1284	206
1	534	2625	2626	2627	2628	2207	2208	2776	2777
1	686	749	2206	2207	2208	2629	2630	2631	3092
1	703	1581	1582	1583	1584
1	689	2209	1708	597	2075	2076	2077
1	585	2337	1106	1107	1536	1537
1	679	120	121	2245	2246	2247	2248	2249	2250	289	290
1	553	3138	3139	3140	3141	1397	1398	934	935	1517
1	672	1948	2333	2334	2335	698	2081
1	642	892	893	2400	2401	708	709
1	694	2086	2087	2088	2791	2792	2793
1	492	2402	2403	2404	2091	2092	2795
1	612	2796	2797	2235	2236	2098	2238
1	607	1315	1316	1317	1318	1319	1320	1321
1	702	1553	1554	1320	1321	1322	1323	1743	1744
1	702	636	637	1322	1556	1557	1558
1	582	1741	1742	1322	1323	1324	639
1	672	1559	1560	1561	1562
1	642	1326	1327	1563	1564	1328	1329	1330	2666
1	702	2663	2664	1328	2129	2130	2131
1	702	2669	1835	1836	1335	140	1837
1	710	656	2334	2335	2080	885	886	887	888
1	710	889	890	891	2398
1	710	2083	2084	2085	2086
1	710	2232	714	2095	2096
1	710	717	2237	2799	2239	2240	2241
1	560	2099	2100	2101	1737	1738	1739
1	560	1329	1330	1331	1332	1333	1334
1	717	1331	1567	1568	1569	1570	869	870
1	650	2670	1836	1335	140	1837	2671
1	710	871	872	873	874	875	1838
1	710	1335	140	1837	2671	2672	1336
1	650	1337	2673	2674	1338	1339	2675
1	530	2674	1338	1339	2675	2676	2677
1	647	2825	2826	1219
1	716	2730	2731	2732	1778	219	220	221
1	601	1479	1480	1481	152	509
1	552	1787	1788	1789	1790	1967	1968
1	654	1000	1001	325	326	327	1367	1368	1005
1	643	1177	1178	422	423	1245
1	626	1006	1007	2942	2943	1376
1	710	2355	1974	1975	1976	1977	1978
1	698	423	3049	3050	3051	3052	3053	3054	3055	3056
1	630	2847	1434	1435	3010	3011	3012	3061
1	572	3005	3006	3007	671	672	673	674	675
1	683	1253	1130	3062	1988	1989
1	711	1990	788	1265	1266	1267	1268	571
1	704	3028	2062	2063	2064	2723	538
1	616	1218	2827	2828	311	312
1	638	2829	2830	2831	1955	1044
1	518	1957	1958	222
1	704	2689	505	506	507	508	2887	2888
1	671	1482	153	1484
1	651	2415	3123	1979
1	616	1132	3064	3065
1	648	2863	2864	2865	800	801
1	659	1932	1933	1934	395	396	397
1	671	1932	1933	1934	1935	1936
1	697	1937	1090	2515	1092	1147
1	674	2618	586	587	1897	2869	813
1	706	814	2442	2443	1577	1578
1	616	814	815	816
1	559	3089	2872	2272
1	698	1850	1544	1364	1365	1366
1	508	1483	154	2639	2640
1	714	2641	2642	1054	1055	1056
1	557	1971	1972	1010
1	580	2416	2417	2418	1980
1	488	3004	3057	1251
1	718	1981	2698	2699	2700	2701
1	601	1922	1253	2108	3062	3063
1	588	1490	1491	435	436	437
1	607	2365	1987	1988	2702	2703	2704
1	662	1133	1134	568	569	570
1	692	1989	1499	3066	2963	2964	2965	2966
1	714	1388	2374	2560	2968	2969
1	710	2967	572	2379	2380	2564	2565
1	662	296	297	2261	2262	2263
1	626	3030	1510	398	399	2979
1	707	2264	2265	1640	3086	3087	3088	3089
1	657	1920	1921	3059	3060	3061	1614	1615	2957
1	657	399	400	401	402	2869	2870	2871	2980
1	626	1770	1771	2635	1162
1	654	1905	308	309	310	311	1773
1	547	306	307	308	309	310	1908
1	712	1772	312	313	314	503	504
1	720	508	153	154	155	156	2994	2995	2996	2997
1	521	2998	2999	1915	1916
1	629	619	620	1915	1916	2358	2359	2360
1	626	3000	3001	3002	1378	2361	2362
1	712	1915	1916	621	622	1379	1380	1381	1382
1	521	1383	1384	2111	2112
1	654	386	387	388	389	390	391
1	574	1504	2381	2430	2431	2432
1	626	2382	2383	2387	2388
1	713	394	2566	2567	802	803	804	805	806
1	560	2433	2434	2435	2436	539	540
1	589	2636	2637	2638	155	156	157
1	589	1914	1915	1916	2358	2359	2360	2361
1	559	2110	2111	2112	2959	2960	2961
1	589	393	2326	2327	2384	2385	2386	2387
1	630	764	765	2693	370
1	490	169	2753
1	490	859	1460
1	509	2332	258	2774	2775	209
1	552	212	213	214	215	216	2344	2345
1	679	445	345
1	679	346	1211
1	679	1212	1040
1	618	467	2497	2498	2499
1	626	2500	416
1	497	2167	2503
1	482	766	367	368	369	2694
1	506	2504	481
1	498	2695	2546
1	498	2506	847	848	483
1	626	851	2182
1	618	484	2511
1	497	2510	854
1	498	853	487
1	569	2512	2767
1	618	488	489	2330	257
1	617	2766	1145
1	537	1047	319	320	321	322
1	537	1058	1059	1060	845	2473
1	660	2474	2419	1383
1	537	2366	2367	2368	2369	2370
1	605	2114	2115	2116	2117	2118	2119	2185
1	661	2186	2969	2970	2971	2325	2326	2327	2328
1	537	1505	1506	1507	1508	1509
1	623	3031	3032	690	691	494	495
1	660	1510	398	399	540	541
1	573	1227	1228	1229	1230	1231	1232
1	573	2422	2423	2424	2425	2426	2427
1	647	3068	3069	3070	2862	2863	2970	2971
1	573	2972	2973	2974	2975	2976	2977
1	647	1342	2591	2080	885	657	658
1	647	2819	2820	1328	2129	2821	2822
1	465	34	35
1	363	546	2519	463
1	450	43	606	607
1	471	2687	2688	1045	1046	1047
1	479	2539	2540	372	108
1	382	201	202	203	204
1	458	526	527	245	246
1	458	76	77	78	1997
1	478	1159	1160	1161	1162	1774	1775
1	427	1171	1857	1858	1859	1860
1	427	282	1868	3009	2479	2480	2481
1	427	3018	3019	3020	2815	2816	2817
1	555	2458	2459	2228
1	663	1419	1420	2599	1004	1369	1370	2842	424	425
1	599	1734	720	721	722	723	2104
1	579	2857	2858	2815	2657	3024	3025	795
1	634	1467	1468	352	353	354
1	619	355	356	2220	2221	2343
1	688	2341	2342	2222	1355	1356	1357	2787
1	594	2807	909	910	781	782	783	784
1	691	2614	2615	929	930	931	1279	1515	1572
1	645	3081	3082	3146	3147	1573	1574
1	694	1517	1518	1519	1520	1521	1522	1523	1524
1	672	2725	2726	2729	2831	2832
1	712	2479	2480	2481	2482	563	564	785
1	711	1497	787	2810	2811	2812	2813	2814
1	672	2059	2060	2061	2568	2569	2570	2571
1	711	1302	2740	2741	1051	1052	1303
1	611	999	2642	2597	2598	2599
1	658	331	1371	1372	1373	1374	2945	2946	2947	2948
1	647	2444	2445	2446	2447	2448
1	549	988	989	990	1472	1473	1474
1	694	88	89	90	91	2833	5	2016	2017
1	587	1634	33	34
1	715	1966	1791	556	557	57	1726
1	635	1727	2843	3124
1	671	1865	1866	1867	1868	2807	2808	2809
1	712	924	925	1891	1892	1893
1	715	2722	2065	2066	2067	2068	1638
1	593	3037	3038	1639	1640	1407	1408
1	647	2577	2578	2267	2268	2581	2582	2583
1	524	10	2935	2936	2937
1	703	2147	518	2028	340
1	500	2876	2877	83
1	629	1204	3077	344	1027
1	629	1033	544	1098	2074
1	688	2160	2161	3099	3100	3101
1	560	414	415	1721	1722
1	718	62	63	518	2028	64
1	696	1427	1428	2752	376	377	172
1	669	1431	1432	1433	2848	20	21	969	970
1	679	1449	1450	1451	1452	1453	1454	1455	1456
1	672	597	83	1903
1	685	1712	2678	1715	1716	2452	2453
1	668	1715	1716	1717	411
1	623	761	2291	2292
1	719	2293	2294	2295	2536	2537	227	228	229
1	701	2933	2934	2022	1792	1793	1794
1	656	227	228	229	230	769	770	771
1	717	2551	971	72	73
1	706	972	730	731	2910	2911
1	675	743	744	745	205
1	709	1210	82	2585	2586
1	669	1710	1711	548	549	820	821
1	605	616	617	1683	15
1	575	16	519	520	378	379	380
1	673	2907	2908	2909	790	791	2760	2761
1	506	2215	2216	2217	2218
1	629	1181	1182	1183	1184	1430	1431	1432	1433
1	682	977	1197	3071	3072	3073
1	629	3074	3075	3076	1631	1026	3033	3034	3035
1	553	1031	1032	1033	2924
1	533	2654	565	120	121	2245
1	662	270	1853	274	2745	2746	2747	2748
1	704	2067	692	693	2203	1094
1	567	1095	1096	1097	461	462
1	632	322	323	324	954	955
1	595	419	420	421	1057	2170	2472
1	503	846	2546	2547	2548
1	672	2549	2900	2901	2902	2903	2904	2369
1	688	1094	1095	2001	1945
1	620	2276	2277	1662
1	483	2684	2685	2686	47
1	716	239	240	241	242	2308	2309	2310
1	524	2314	2315	2316	2317	2318	249	1081
1	677	249	250	251	2913	2914	2915	190	191	192	193	194	195
1	541	1472	1473	1474	1475	1476	1477
1	607	793	794	2661	796	797	798	799	2868
1	695	2301	1429	1430	65
1	695	686	3077	1088	1089
1	600	1796	956	957	164	165	166	167	480
1	616	2543	2544	2893
1	652	1809	1810	2178	2179	2180	2181
1	616	2756	2757	2510
1	537	2758	733	1080	253
1	616	254	255	256
1	697	2769	2770	2771
1	718	2203	2204	499	500	591	2205	2206	2207	2208
1	686	749	1946	3091	3092
1	689	2209	2210	2076	2077
1	516	3093	260	261	2077
1	649	2004	2005	2006	2526
1	717	3025	3026	1754	1755	578	3137
1	513	550	2455	2456	607	608	3104
1	702	2233	2097	2798	2801
1	702	2134	139	1836	141
1	706	883	884	697	2080	699	700
1	526	705	706	707	2790
1	706	129	130	131	1565	133	134
1	695	952	953	328	1236	2413
1	662	1150	1151	1644	1645	2269	2270	2271
1	689	1349	1350	1351	1477	1478	151
1	716	1957	1046	2885	2886	2887	2888
1	718	1234	1235	2940	2941	1008	1009
1	655	1178	1179	1246
1	554	1247	1248	1249	1250
1	691	437	438	2371	3066	3067	3068
1	658	1626	1627	1628	2323	2324	2325	394
1	715	1512	1513	1281	2439	2440	2441
1	707	2264	2265	406	407	3089
1	620	2872	1528	1529
1	595	1488	1489	1252	2955	2956	2957
1	593	2990	2991	1911	154
1	626	2992	2993	157	158
1	720	386	2702	2703	1500	1501	1502	1503
1	482	1164	1777	1223	1224	1225
1	692	3107	3108	3109	3110
1	675	3111	3112	54	3115	3116	3117	957	164	165	166
1	584	3094	601	1717	1718	2497
1	552	2348	2349	2409	2603	2604
1	637	2610	2193	2194	2195	301	302	303
1	679	1842	2162
1	679	2027	2149
1	679	2153	441
1	506	408	409
1	496	1720	2168
1	617	2545	2696
1	673	2698	385	2113
1	623	439	440	1449	1450	1451	2118	2119	2185
1	612	2329	2330	257	1146
1	586	428	429	630	631	2853
1	586	2656	2657	2485
1	586	649	650	3148	3149
1	647	661	662	2088	2089	663	664
1	470	1566	2132	2668	1334
1	702	1293	1294	1295	1296	1297	1298	147	148	1594
1	702	897	3042	3043	3044	2839	2410	2411	1238
1	529	1734	720	2606	1124	1125
1	669	3	4	2834	7	219	1357	2787	1359	1360
1	650	1537	1538	1414	1415	1299	1300	1116	1117
1	692	2463	1421	1422	3046	3047	1729	1730
1	718	1423	1424	1425	2645	2646	2647	2648
1	718	92	1540	1541	1542	1543	1544	1545
1	647	1436	1437	1438	1439	1440	1441	1442
1	656	567	568	1264	26	2558	1881	1882	1883
1	667	1622	1623	2706	2707	2708	2709	291
1	647	2559	2560	2561	2562	2188	2189	2190
1	688	2713	1992	1993	1994	1756	1757
1	640	357	358	359	1165	1166
1	720	2866	2867	298	299	300	2196	2197	2198
1	713	2571	2572	2573	2574	2575	2576	2577	404	405
1	661	1402	1403	1404	1405	1406	1641	1642	1575	1576
1	672	2555	2556	2557	2558	3021	2377
1	694	916	917	918	919	920	921	922	572	573
1	593	1592	1113	1114	1115	1301	1598
1	712	330	331	279	280	334	335	336	337	338
1	715	3125	18	115	116	779	780
1	606	2926	2927	2143	2012
1	719	982	1204	1087	983
1	679	343	1204	1087	3078
1	656	1024	1025	1632	1633	1634	1635
1	716	375	1684	2173	2174	114
1	633	2306	2307	524	966	967	968	969	970
1	717	772	773	170	171
1	687	1018	1019	1020	972	730	3130	3131
1	719	2623	2000	1098	1036
1	572	829	266	1671
1	572	1069	1070	1071	22	23
1	715	1463	1464	1465	1209	1944
1	682	1591	1221	1222	1851
1	682	1053	2643	276	1180
1	617	475	839	162
1	521	3120	3121	3122	1011	1012
1	718	2621	2622	1285	1034	748	749
1	692	547	2679	1660	2282
1	616	2691	2692	2167
1	624	2184	2185	2186	2187	2563	2764
1	702	1569	137	138	2135
1	710	695	696	2079	2080	1949	1950
1	720	2399	2400	2401	894	2089	2090	2230	2231
1	680	2093	2094	715	716
1	710	2242	2243	1740	1741
1	590	1556	1557	641	642	643	644
1	698	1959	1960	947	948	949	950	951
1	596	1969	1970	422
1	693	1972	1973	2846
1	615	2844	2845	624
1	674	2951	2952	2953	2954	1131
1	696	1511	1512	1513	1895	1399	588	589
1	689	585	586	587	1400	1401	654	655
1	661	900	901	902	283
1	657	1306	1307	1308	1309	1310	1239	1240	1241	1242	1243	425
1	682	904	905	1436	1437	1923	1924	3014	3015	3016
1	692	2858	2376	3022	3023	1888	2717	2718
1	672	1259	1260	1261	1262	2705	2706	2707
1	705	1889	1890	926	927	928	929
1	711	2036	2037	2038	2039	2040	975	976	26
1	691	2721	2722	2723	538	1513	1514	1280
1	690	2199	2200	590	1149	1150
1	669	1848	2017	2018	2019	2739	1852
1	669	1843	1844	1845	1846	1847	1848	2734	2735	2736
1	603	2042	2043	2044	2045	683	684
1	662	2042	2043	2044	976	977	1197	1198	1199
1	583	16	519	520	776	777	778
1	686	912	913	914	915	681	682	2044	2045	2046	2047
1	711	90	1107	1108	1109	1110	1111	1112	1779	1780	1783
1	710	2234	2235	2236	718	2801	1551
1	671	2617	809	810	811	812
1	689	1002	1003	2600	2412	2413	2414	2415
1	697	3070	2051	293	3028	3029
1	599	2780	2781	2782	2783	1539	1352	1353	1354	1416
1	599	1313	1314	1126	1127	1128	1873	1874	1875
1	383	945	1963	1546	1120
1	702	1172	1173	1174	1175	1176	329	330	1370	1371
1	669	2851	2852	2034	2035	1618	1619	1620	1621
1	675	1345	1346	1347	1348	1776	2732	2733	2017
1	593	1991	2714	2715	2716	1753	1890
1	669	1843	2218	2219	2220	1954	93	94	2735	2736
1	693	2743	1052	1303	1304	2464	2465	2466	58	59
1	659	1220	1412	1413	1112	1593	149	150
1	586	3044	3045	667
1	599	1417	1418	1306	2838	1311	1312
1	480	216	217	218	219	1357	1358	1359	1360	1170
1	548	2	2341	1953	1954	1413	2784	2785	2786
1	702	897	2347	2348	2349	2350	2351	2352	2353	1237	1238
1	685	903	904	905	906	907	908	1129	1254	1255
1	701	1750	1751	1752	2191	2192	2611	2612
1	718	673	2954	2955	2956	1616	1617	1618
1	661	1254	1255	1256	1257	1258	1443	1444	1445	786	1135	567
1	673	2252	1392	1393	2658	2659	1271	1272	1273	1274	1275
1	607	3013	1492	1493	1494	1495	1496	1446	1447
1	679	1119	1120	1121	2348	2349	2350	2351
1	710	2802	2103	2104	2033	430	431	432	433	634	635
1	713	3006	3007	671	1869	1870	628	629	2106	2107	3014	434

MyIndex	Index	StartTime	EndTime	StartStation	Endstation
2	1215	110	244	3631	1453
3	2273	115	132	4513	927
5	1291	131	227	1014	2993
6	2274	137	228	927	1479
8	1102	163	348	1014	6142
9	2779	167	273	1014	1823
11	1589	181	331	5789	669
12	987	182	311	2759	699
14	84	192	239	6710	4513
19	2275	228	230	1479	4446
23	1769	263	365	3113	3631
24	1469	265	327	3480	6710
26	2824	272	352	1419	669
34	465	298	405	3911	1453
35	1839	299	307	6116	5379
37	2527	307	363	877	3113
40	1157	314	387	3480	669
42	1840	316	360	5379	5398
43	2590	324	422	4475	3125
45	600	327	448	7181	1075
48	3039	339	416	1756	1175
50	1103	348	373	6142	1722
51	1904	348	421	3243	3631
52	1590	350	396	669	3152
53	210	351	420	1938	1175
55	263	354	442	2221	14
57	305	358	428	508	3631
61	42	373	413	4630	6263
63	817	384	440	4630	4377
68	942	389	451	1938	1175
70	1158	390	559	669	830
71	1217	392	506	3113	830
75	1041	405	455	6849	2759
77	1841	407	437	5398	6116
95	1906	466	512	5789	4185
97	1104	476	499	1722	6142
99	1343	478	668	3125	2759
105	3095	493	529	1075	997
113	3096	532	562	997	1453
116	1105	545	744	6142	7331
120	2159	553	639	4196	4513
134	2336	606	666	4621	5100
135	2985	606	637	1197	3243
141	1411	646	722	3480	1419
150	1344	688	809	2759	699
168	602	778	891	4377	5818
170	1042	781	825	2759	1419
171	2986	783	850	3243	6888
173	2634	792	849	508	3631
177	2592	804	819	4621	3125
191	2987	850	888	6888	3631
192	1292	852	954	2993	7331
201	603	891	989	5818	4196
203	2988	896	927	3631	2925
212	1907	921	967	4185	830
224	1	950	1038	2221	7331
244	3040	992	1056	1175	1938
252	1909	1012	1086	3631	3243
255	1163	1030	1054	3631	6888
265	2593	1045	1142	3125	4475
266	211	1052	1116	1175	1938
268	1952	1056	1116	4621	5100
269	659	1058	1085	5498	4651
270	2144	1058	1110	6849	2759
280	943	1077	1151	1175	1756
286	2989	1112	1141	2925	3631
294	145	1128	1322	2759	3125
320	2930	1175	1233	4377	6804
322	2014	1178	1230	6849	2759
342	264	1231	1266	14	2221
352	2532	1252	1313	4377	4630
370	412	1295	1353	4377	6804
380	146	1322	1329	3125	1014
388	2015	1336	1470	2759	699
401	265	1366	1509	2221	6296
413	1849	1394	1595	5915	5789
418	2457	1406	1504	4718	2221
430	993	1439	1489	6849	2759
446	362	1483	1535	1419	2759
466	2690	1550	1684	3631	1453
486	994	1622	1751	2759	699
520	1226	1719	1791	6888	3243
529	469	1738	1845	3911	1453
530	2163	1739	1747	6116	5379
538	2164	1756	1800	5379	5398
539	660	1760	1788	4651	5498
541	1910	1764	1856	3243	3631
543	2594	1764	1862	4475	3125
546	762	1767	1888	7181	1075
548	2931	1777	1781	6804	6949
549	944	1779	1856	1756	1175
560	2932	1791	1854	6949	4377
561	3041	1791	1860	1938	1175
573	551	1813	1961	4630	7191
578	2533	1824	1880	4630	4377
579	413	1825	1882	6804	4513
582	2346	1829	1891	1938	1175
590	2165	1847	1877	5398	6116
615	763	1905	1942	1075	997
618	2788	1915	2099	1014	2744
620	2595	1918	2108	3125	2759
638	995	1971	2011	699	5287
651	223	1999	2143	830	4196
654	996	2011	2107	5287	5100
679	2789	2099	2206	2744	4621
680	1547	2101	2106	7331	3125
707	2889	2197	2394	830	1453
722	1854	2239	2357	5915	5773
724	895	2245	2278	3638	2993
743	896	2292	2394	2993	7331
767	1855	2357	2411	5773	7073
768	2023	2359	2620	4513	6116
814	159	2470	2494	3631	6888
820	1912	2477	2515	4185	3631
828	1548	2485	2582	3125	4475
832	160	2494	2593	6888	4196
837	665	2498	2525	5498	4651
839	2146	2498	2550	6849	2759
842	2890	2503	2621	1453	3911
850	898	2517	2591	1175	1756
860	1856	2556	2567	7073	7331
863	477	2568	2643	7191	7181
866	2836	2568	2762	2759	3125
868	1233	2569	2690	3243	830
891	13	2615	2673	4377	6804
913	1485	2677	2749	6888	3243
921	2169	2692	2810	3139	3113
932	106	2707	2771	4630	2221
950	2837	2762	2774	3125	1184
967	107	2806	2949	2221	6296
986	2749	2845	2954	5915	2759
987	558	2846	2944	4718	2221
996	666	2879	2917	4651	1014
1028	618	2980	3117	1453	3631
1094	2891	3178	3285	3911	1453
1095	2024	3179	3187	6116	5379
1105	2025	3196	3240	5379	5398
1107	1861	3200	3228	4651	5498
1108	1486	3204	3296	3243	3631
1109	1549	3204	3302	4475	3125
1112	478	3207	3328	7181	1075
1115	840	3217	3221	6804	6949
1116	899	3219	3296	1756	1175
1117	2356	3221	3261	5789	4185
1125	841	3231	3294	6949	4377
1126	1122	3231	3300	1938	1175
1128	559	3234	3322	2221	14
1138	668	3254	3280	6142	1722
1141	231	3264	3320	4630	4377
1144	14	3265	3325	6804	4377
1145	1862	3269	3325	5498	3125
1146	2605	3269	3331	1938	1175
1157	2026	3287	3317	5398	6116
1164	1487	3299	3328	3631	4185
1165	281	3302	3338	1014	6900
1173	560	3322	3368	14	2993
1180	1550	3335	3360	3125	4621
1181	168	3338	3373	997	1075
1184	479	3345	3382	1075	997
1190	669	3356	3379	1722	6142
1191	1863	3358	3548	3125	2759
1242	1917	3504	3548	3631	6617
1290	1918	3642	3687	6617	5624
1308	1919	3687	3727	5624	4185
1327	623	3729	3737	3631	5789
1328	561	3732	3834	2993	7331
1345	1185	3779	3923	3870	5915
1364	2175	3830	3912	4377	7191
1399	2420	3910	3934	3631	6888
1413	2652	3925	4022	3125	4475
1421	2029	3938	3990	6849	2759
1424	2507	3943	4061	1453	3911
1431	284	3957	4031	1175	1756
1445	2030	4008	4202	2759	3125
1446	2176	4008	4083	7191	7181
1471	1611	4058	4110	6849	2759
1494	2421	4117	4176	6888	3243
1503	2697	4132	4250	3139	3113
1549	724	4246	4389	2221	6296
1570	3128	4285	4394	5915	2759
1571	117	4286	4384	4718	2221
1584	2364	4319	4380	508	5789
1618	383	4420	4557	1453	3631
1653	2109	4547	4656	669	508
1657	384	4557	4667	3631	3243
1669	1876	4593	4639	1823	2744
1676	2508	4618	4725	3911	1453
1677	2150	4619	4627	6116	5379
1684	2151	4636	4680	5379	5398
1685	562	4640	4668	4651	5498
1689	2653	4644	4742	4475	3125
1692	2177	4647	4651	7181	4446
1696	285	4659	4736	1756	1175
1717	525	4693	4841	4630	7191
1718	2854	4694	4720	6142	1722
1720	1017	4704	4760	4630	4377
1722	243	4705	4765	6804	4377
1724	2607	4709	4771	1938	1175
1731	1385	4723	4788	3631	508
1733	2152	4727	4757	5398	6116
1744	3017	4742	4778	1014	6900
1768	2855	4796	4819	1722	6142
1818	25	4952	5045	4513	3152
1822	1926	4966	5026	1419	2759
1834	680	5008	5129	2759	699
1873	1386	5112	5169	508	3631
1889	1877	5154	5291	2744	7331
1891	1448	5161	5223	6710	4513
1898	1387	5169	5177	3631	5789
1960	286	5308	5381	1175	1756
1963	2608	5312	5376	1175	1938
1992	2483	5378	5405	5498	4651
1996	287	5381	5436	1756	2993
2014	2156	5448	5642	2759	3125
2043	3132	5495	5553	4377	6804
2046	1928	5498	5550	6849	2759
2070	288	5554	5650	2993	7331
2071	2428	5557	5616	6888	3243
2078	855	5572	5690	3139	3113
2100	1819	5615	5673	4377	6804
2115	1929	5656	5790	2759	699
2131	1139	5686	5829	2221	6296
2161	2484	5759	5797	4651	1014
2172	1930	5790	5996	699	5593
2205	1394	5927	6033	1014	1823
2236	1931	6030	6056	5593	830
2251	856	6058	6165	3911	1453
2252	442	6059	6067	6116	5379
2257	645	6069	6101	3638	1938
2261	443	6076	6120	5379	5398
2263	2662	6080	6099	7331	4621
2264	2818	6080	6108	4651	5498
2266	27	6084	6182	4475	3125
2268	2429	6084	6176	3243	3631
2270	736	6087	6208	7181	1075
2273	3133	6097	6101	6804	6949
2274	2157	6099	6176	1756	1175
2277	3134	6101	6155	6949	4513
2285	2609	6111	6180	1938	1175
2296	75	6133	6281	4630	7191
2302	533	6144	6200	4630	4377
2303	1820	6145	6205	6804	4377
2304	646	6149	6211	1938	1175
2315	444	6167	6197	5398	6116
2343	858	6218	6253	997	1075
2346	737	6225	6262	1075	997
2352	28	6238	6428	3125	2759
2379	2126	6295	6301	4238	5078
2407	2127	6360	6375	5078	3012
2410	2128	6375	6486	3012	3638
2434	29	6448	6569	2759	699
2454	2489	6504	6509	7331	3125
2468	2490	6532	6565	3125	6563
2498	2491	6604	6637	6563	3125
2518	2492	6652	6687	3125	6563
2554	2493	6724	6757	6563	3125
2568	647	6752	6816	1175	1938
2579	2389	6790	6814	3631	6888
2590	2494	6805	6902	3125	4475
2593	2158	6812	6876	1175	1938
2595	648	6816	6925	1938	6142
2599	2823	6818	6845	5498	4651
2601	2331	6823	6941	1453	3911
2614	304	6868	6941	1175	1756
2617	1395	6874	6966	1823	1184
2626	1998	6888	6963	7191	7181
2627	3079	6888	7082	2759	3125
2628	2978	6889	7010	3243	830
2673	2390	6997	7056	6888	3243
2676	1396	7007	7020	1184	7331
2690	746	7031	7100	960	3251
2699	1699	7055	7113	4377	6804
2707	3080	7082	7089	3125	1014
2714	747	7100	7152	3251	4196
2742	868	7166	7264	4718	2221
2783	694	7300	7437	1453	3631
2814	1834	7425	7490	4630	3638
2825	2518	7458	7599	4718	2354
2846	1999	7527	7648	7181	1075
2858	1700	7585	7645	6804	4377
2870	1286	7624	7685	4513	3870
2881	2136	7656	7671	4621	3125
2887	2137	7678	7868	3125	2759
2902	501	7731	7850	5789	3243
2916	2391	7793	7869	3243	3631
2917	1287	7794	7918	3870	5915
2923	1466	7825	7892	4513	3870
2942	2138	7888	8009	2759	699
2950	2584	7922	7924	1419	6849
2954	592	7940	7955	3113	4196
2955	1288	7940	7947	5915	699
2967	2073	8025	8111	6849	4513
2972	750	8063	8153	877	4446
2994	2873	8208	8300	669	1419
2996	1706	8219	8368	4718	3251
3002	2520	8242	8262	4238	6263
3003	1579	8257	8266	830	3631
3010	2874	8300	8302	1419	6849
3012	1901	8328	8522	2759	3125
3014	348	8337	8384	4196	1453
3015	1947	8343	8507	3113	830
3018	2778	8348	8530	1453	3139
3022	1707	8368	8420	3251	4196
3025	876	8406	8417	4621	1070
3026	3090	8418	8529	5789	3113
3027	939	8445	8533	1014	2997
3030	1527	8459	8533	3480	669
3031	1646	8464	8528	1014	2997
3033	877	8474	8500	1070	4010
3034	2587	8495	8553	4377	6804
3035	2449	8529	8608	3480	1419
3038	1647	8542	8587	2997	3480
3039	38	8544	8581	6849	3959
3040	940	8547	8593	2997	3480
3043	2632	8593	8685	877	4446
3044	1289	8595	8714	699	2759
3045	1648	8596	8670	3480	669
3046	39	8597	8657	3959	4513
3047	2392	8600	8698	3631	3113
3048	941	8619	8678	3480	6710
3049	1649	8673	8818	669	830
3051	349	8740	8877	1453	3631
3052	1580	8750	8884	3631	1453
3053	1650	8818	8820	830	5789
3054	2393	8903	9005	3113	3631
3056	878	8979	9049	4010	6563
3058	2588	9025	9085	6804	4377
3059	2521	9046	9070	6263	4377
3060	879	9049	9096	6563	4888
3064	1902	9118	9308	3125	2759
3067	2139	9147	9287	699	2759
3079	2140	9328	9449	2759	699
3090	2007	9490	9495	4377	4718
3095	2981	9561	9607	4185	830
3098	1651	9596	9843	5789	3480
3100	1340	9606	9627	4621	1014
3101	2982	9607	9609	830	5789
3103	2394	9652	9726	3631	3243
3106	262	9673	9759	4196	4513
3110	1341	9682	9819	1014	2993
3114	1290	9768	9962	2759	3125
3115	1585	9771	9771	1453	877
3116	41	9772	9833	4377	4630
3117	1586	9772	9937	877	4238
3120	464	9813	9837	4718	3012
3121	880	9816	9904	4888	2997
3123	1709	9843	9860	4513	927
3124	2633	9856	9886	4446	960
3125	1652	9860	9906	3480	2997
3126	2983	9878	10025	5789	669
3127	1530	9887	10036	5789	669
3128	1214	9892	9953	4377	4630
3129	881	9915	9965	2997	3480
3130	751	9917	10017	4446	4513
3131	1653	9929	10012	2997	7331
3132	2212	9935	9993	4377	6804
3133	1587	9937	9939	4238	4718
3134	882	9975	10059	3480	699
3136	2078	9990	10059	1453	960
3137	2008	10011	10080	4718	4513
3138	1654	10012	10014	7331	1014
3139	1655	10014	10058	1014	6900
3140	752	10022	10080	4513	1419
3142	2141	10035	10080	699	2759
3143	2984	10035	10058	669	6710
3145	350	10040	10080	3631	3113
3146	1531	10043	10080	669	1419
3147	1588	10046	10080	4718	2221
3148	2925	10062	10080	3152	1419
