Costs	Duraton	Task_1	Task_2	Task_3	Task_4	Task_5	Task_6	Task_7	Task_8	Task_9	Task_10
1	410	472	473	411	710
1	402	1582	1583	139	15
1	462	18	19	20	1413	1414	1415
1	402	27	75	2139	2140
1	373	527	1510	1511	1512
1	458	39	824	825	371
1	374	1084	1085	1086
1	461	2297	2298	392
1	453	2152	2153	1525
1	472	418	43	1870
1	400	525	1081	1082
1	463	1083	363	364	365
1	376	1989	51	52
1	445	2246	2247	2248	2249
1	403	1606	1607	1323	1324	1906	1907
1	380	1775	1776	1777	1778
1	440	376	421	422	1917	1918	1919
1	444	1522	1523	1701
1	438	1063	445	446
1	466	1023	630	631	199	200
1	471	564	797	798	799
1	480	1264	751	752	753	754	755	756
1	427	757	758	759	760	1734	1735	462
1	423	1826	1827	1960	1961	1962	1963
1	463	1966	1967	1968	1969	1970
1	458	1320	1321	1322	1323
1	690	2104	2105	1575	1576	658	659
1	710	1581	12	342	1584	1585	1586
1	500	342	343	344	345	346	16
1	590	13	14	140	141	1587	143
1	586	1933	1934	1935	147
1	706	24	25	26	74	695	696
1	706	405	406	407	471	707	410
1	710	273	274	275	276	601	602
1	650	480	481	482	483
1	582	1574	1	2	486
1	552	2107	2108	2109	488	489	337	338
1	492	18	19	20	21	22	23
1	672	1416	26	2135	2136	2137	28
1	702	270	271	475	599
1	513	2168	904	174	175
1	703	1195	1196	2125	2126
1	582	1803	1804	1848	459
1	694	2220	612	1439	1440	1441	1627	1628	1629
1	669	722	723	98	99	383	384	1444	1445
1	694	255	256	257	258	259	885	1269	1270	1271	1272	1273
1	715	1005	2300	2355
1	688	1763	1764	1765	254	255	1506	526
1	537	1866	1867	1868	45	2279	2280
1	695	613	1294	2285	2286	1180
1	643	1237	1238	1239	1240	2295
1	695	2002	1005	1006	1007
1	654	293	294	295	296	297	1678	1008	1009
1	587	688	689	690	252	522
1	683	2068	2069	2070	1501	1502
1	698	766	893	894	895	531	532	533	534	535	536	537
1	659	2335	1384	1385	1864	2337	1953	1954
1	648	1300	1116	1117	794	795
1	599	302	303	304	305	2408
1	616	2071	2072	807
1	565	2262	2263	2264	2265	2266	2267
1	616	978	979	980	1339	2149	2150	2151
1	490	2281	2282	2283	280
1	535	281	1181	2000
1	578	1000	2296	1677
1	618	1675	1676	393
1	684	189	190	191	733	734	735	736	737
1	544	298	299	1594	1595	1596
1	680	738	739	740	741	742	685	686
1	546	1723	1500	524
1	696	959	523	2206	2207	2208
1	683	1731	1732	762	2078	2079
1	588	1379	2261	2331	2332	2333
1	620	2334	820	1218	1219	1220
1	695	2231	938	939	940	941	101	1186	1187	1188	943	944
1	682	775	776	368	2269	2270
1	656	288	289	290	291	292	2299	944	945
1	683	361	362	766	767	768	769	770	1382	1088
1	603	2338	2273	2274	2275	2276	2277	1388
1	546	1246	1247	1248	1249
1	597	260	261	262	263	264	464	465	970	467
1	705	772	1091	82
1	633	1095	1096	1472	1473	1951	1952	1953	1043	1044
1	615	1107	1108	1109
1	610	1233	1234	1235	1236	1399	1538
1	684	1544	1545	1546	1547	395	2356
1	616	501	502	503	504	505	839	840
1	695	1257	1258	245
1	665	1407	1408	1409	1410	1411	1412	148	149	150	151	152	245
1	591	1017	1018	1019	743	243	244	245
1	485	519	520	521	961	962	963	964	965
1	712	883	884	358
1	569	891	892	2260	1087	1088	1089	1090
1	712	1281	1469	1862
1	654	1127	1128	1129	1833	1834	442	443	444
1	618	1819	1486	1487	59	60	61	62
1	669	59	60	181	182	183	184	63	64
1	632	438	439	2190	2191	2192
1	572	1072	1073	1074	1075	1076
1	534	1908	2144	118	119	1038
1	627	1157	1158	1159	319	160	161
1	664	1332	1333	1334	1335	1423	1424	1425	1426	217	218
1	615	62	2176	1880	1881
1	664	221	1053	1816	1817
1	699	556	557	1054	426	427
1	711	1835	1836	1837	1135	1066	1067	1068	1069
1	682	105	106	107	108	109	1840
1	538	1841	2017	2018	2019
1	719	1027	1028	1029	1030	1150
1	715	1151	1152	1565	1037
1	694	1160	1161	1162	1519	1520	1521	1342
1	638	1336	1337	1338	1339	2149	1781	1340	1341	1342
1	675	1779	1780	1781	1782	1783
1	521	1617	1618	1619
1	707	1343	1344	1784	1785	1786	1787	1788	986
1	669	128	2036	2037	2038	1706
1	514	983	984	985	1789
1	525	550	551	552	553	554	555	173
1	585	330	331	904	1815	1748	1749
1	603	1532	1533	1534	1535	868	97
1	490	179	180	61	62	2176
1	657	2180	2181	2182	2183	2184	2185	2382	2383	1884	2121	2122
1	702	102	1058	1059	732	2188	2189	440	1885	1886
1	605	441	2243	2244	2245	2311	2312	1838	1839
1	600	917	918	195	196
1	716	1314	1315	1316	1317	1070	1071	2250
1	639	197	198	632	633	634	635	636
1	573	1850	1851	1852	1853	1854
1	701	314	315	316	317	1855	1856	1857
1	705	1609	1610	1155	1156	1039
1	622	2325	2213	2214	2215
1	485	825	826	167	168	373
1	718	2042	2043	830	1791	1792
1	546	529	530	1041
1	679	1529	1750
1	679	1757	110
1	679	1101	2045
1	575	1920	1921	1922	1923	1924	2374	2375
1	553	1025	1026	1142	1143	1144	1145
1	708	1146	1147	1148	1149	1150	116	117
1	692	420	421	422	1917	377
1	620	447	448	449	450	451	452	453	1896	1024	1025
1	705	865	866	867	1440
1	695	2350	2116	2117	2118
1	516	2119	2120	2121	2122	1887	1888
1	629	1889	571	572	1374	1375
1	488	730	731	2238
1	689	1878	1879	2116	2234	2235	2236
1	602	911	912	1059	191
1	596	2237	1306	1307	1680	1681	623	624
1	703	625	626
1	702	627	628	629	630	1898	1899	1900
1	713	1901	578	204	924
1	616	1566	1567	1568
1	703	2147	2030
1	703	2029	2148
1	697	2031	2032	2033
1	618	1622	909
1	626	2405	2406	307
1	617	194	1497
1	498	1496	919	920	921
1	506	922	204
1	498	400	925
1	618	926	927
1	617	1658	1659
1	695	2401	2177	2178	2179	2235
1	709	2377	2378	2379	2380	2381	2186	2187	2304	1060	1061	1062
1	620	1893	1894	1895	1896	1897	1898	1899
1	672	584	585	586	1330	1331	815
1	632	816	817	777	540	541
1	590	542	2154	2155	2034	2035	1167	1168	1169
1	537	812	813	814	815	816
1	679	1121	1246	2049	2050	2051	2052	2053
1	679	2054	2055	2056	2057	2058	2059	2060	2061	1256	1407
1	559	1646	2201	2202	1979	1980	1981
1	480	1177	1178	936	283	284	285	1541
1	626	563	564	797	798
1	675	809	810	811	2326
1	720	1692	1693	1694	1695	1696	1697	1698
1	465	1809	1810
1	400	1079	1080	1732	852
1	479	1384	823	325
1	461	1679	1011	1012
1	440	2020	2021	638	639
1	391	401	402	403	640
1	427	2358	746	1260	1261	1262	1263
1	431	801	802	1971	1972	1973	1974
1	458	430	431	432	433
1	680	715	716	3	4
1	590	144	145	146	349
1	720	151	152	153	154	247	516	691	692	693
1	552	408	409	708	709
1	522	706	707	80	474
1	500	170	171	993
1	659	1448	675	676	677
1	629	1311	1312	1313	1314	1315	1199	1200	1201
1	553	853	854	855	1040
1	618	2344	2345	2346	2347	608	609	610	611	612
1	671	1548	1549	1452
1	702	2264	38	2336	2369
1	714	1438	1439	997	998	999
1	601	394	299	300	301	1596
1	592	1597	1020	1021
1	708	789	790	791	792	793
1	711	2114	2115	941	942	943	944
1	702	2064	2065	2066	2410	2411	2412	2413
1	630	847	848	849	850	851	968	969
1	661	1733	1734	1735	1736	1737	2259
1	690	762	763	764	765	1380
1	713	975	976	977	818	819	820	821
1	505	1097	1098	1866	1867
1	581	334	335	1109	2225	2226
1	714	1250	504	505	506	507	841	1015
1	583	1228	1229	1230	1231	1232
1	644	1251	1252	1642	1013	1014	1015	1016
1	682	1215	1216	1217	1218	370	1042	1043	1044	1045
1	527	728	729	437
1	673	65	66	67	2301	1832
1	558	106	571	2195
1	604	2196	2197	456	1076
1	682	221	905	1482	1483
1	672	1076	1077	458	1849	115
1	607	591	592	593	1615	1616
1	525	550	551	552	553	172	173
1	560	905	906	1623	1624
1	669	1532	224	225	226	227	98	99
1	484	724	725	726	727	2176
1	561	2351	2352	2353	2354
1	696	1369	1370	1371	1372	1373	1374
1	586	2251	2252	1847
1	696	635	636	637	2319	2320	2321
1	560	856	857	1569	1570
1	679	861	1100
1	657	576	577	1902	1903	1904	1905
1	584	904	174	175	176
1	629	327	545	2038	2039
1	596	1872	1746	1747	558	559
1	677	1872	1873	907	908
1	689	569	570	1758	397	398	399
1	616	309	310	311
1	710	858	859	1517	1518	1163	1164
1	506	130	1874
1	665	133	134	1488	2399	2400
1	695	2401	2402	1185	2235
1	632	2407	2408	2409	1022	1023
1	632	1728	1729	1730	1563	1564
1	612	306	307	1498
1	537	1724	1725	1726	1727	1728
1	536	612	1439	1440	1626	1627	1628
1	717	1770	1771	1772	1773	1858	1859
1	589	1991	1992	1993	1994	1995	1665
1	521	1975	1976	2201	2202
1	612	2199	2200	1647	1648	1649	1650	1651
1	596	2033	1165	1166	2036	1913	2158
1	573	1713	1714	1715	1716	1717	1718
1	573	2082	2083	2084	2085	2086
1	427	1542	1543	1544	1545	946	947	948
1	710	660	1578	1579	1580
1	612	477	478	600	277
1	641	527	528	969	1276	1738	1739
1	689	614	1669	1670	1671	1672	1181
1	562	237	1453	1454	1455	1456	743
1	719	822	823	40	779	780	781	782	2278
1	654	587	588	589	1420	1421	1422	591
1	674	1926	1927	1928	1056	1057
1	706	1363	1364	1365	1056	434	435	436	2302
1	717	1345	1346	1347	1706
1	720	1516	123	124	125	220	326
1	616	1303	1304	1305	732
1	650	1602	1603	26	694	695	696
1	492	694	1417	1418	2138	29	30
1	593	1536	1537	1400	1401	2230	2231
1	585	2268	778	1955
1	673	2224	787	788	96	1298	282	283	284
1	583	1110	1111	493	494	495	496	2290	2291	1539	1540
1	688	1701	1702	1703	1704	987	988
1	462	475	476	477	478
1	694	2220	2221	1234	1235	1236	1296	1629
1	632	1538	2292	2293	2294	1118	387	1004
1	618	1310	677	678	679	680	681	682	683	684
1	713	1637	1638	1255	2062	2063
1	718	2413	2414	2415	960	961
1	657	1293	1294	1398	1673	1674	1301
1	626	2327	2328	2329	2330	2331	651	652
1	673	966	967	2255	2256	1279	1280
1	685	1601	1259	747	748	749	750	751	517	518	251
1	629	904	174	2169	2349
10	658	5	661	662	663	664	665	666	497
10	350	482	483	484	485
10	489	1942	1943	1944
10	605	784	785	786
10	672	2048	1247
10	661	834	835	2047
10	645	719	720	97	228
10	331	1477	1478
10	681	1801	1759	2127	2128	2129	2130	751	752	1762
10	706	1205	1769
10	616	1377	1378	2080	2081	1691	1692	366
10	290	1811	1812	1813
10	695	1630	1631	1632	1633	1634	1635	1636	1637	396
10	706	323	324	40	41	42	419
10	685	86	87	88	89	90	2284
10	584	844	248	249	250	1464	1465	1466
10	676	1513	1514	1515	2217	2218
10	702	2097	2098	2099	2100	2161	2162
10	650	1290	1291	1292
10	712	2001	795	796	1828	1829	1830
10	626	1309	1643	1644	1645
10	688	2418	2419	2420	2421	2422	2423
10	327	1221	1222	1170
10	193	53	54
10	680	845	157
10	680	1869	2093	2094	2095	2096	1990
10	663	2339	84	85
10	382	1049	1050	1051	1052	222
10	421	1432	1433	1434	1435	1436	1437
10	373	1286	1287	1288	1289
10	672	1125	1126	1127	1130	1131	1132	1133
10	440	1356	1357	1358	1359	1360
10	719	2240	914	1682	1683	1684	1685
10	653	1361	1362
10	639	1882	1883	2384	2385	2386
10	719	1484	1485	1820	1821	1822	1823	1824	1825
10	684	2172	2173	2174	2175
10	662	1929	1930	1931	1932
10	709	1318	1319
10	528	2022	2023	2024
10	709	404	1419
10	692	1790	831	2166	2167
10	676	318	120	121
10	689	829	2040	2041
10	638	862	863	864
10	672	1791	2341	2342
10	380	1102	1103	1104
10	471	2371	2372
10	709	2316	2317	2318	457	1805
10	629	329	330	331	332	333	334
10	649	1751	1752	1753
10	200	1654	1655	1656	1657
10	704	1325	1326	1327	1328	1329
10	706	378	379	380	381	2398	1489
10	645	1742	1743	1744	1745
10	717	560	561	1821	1958
10	693	618	619	910	911
10	663	620	621	622	1307	1308
10	304	1660	1661
10	650	546	1914	1225	547	548	549
10	717	1614	593	594	595	596	597
10	308	2101	2102	2103
10	664	1708	1709	1710	1711	1996
10	713	1480	1481	1814	1795	1796	1797
10	679	190	191	192	193
10	617	1490	1491
10	631	533	534	1860	1861	83
10	705	1174	1175	1176	1177	667	668	669
10	657	1945	1946	359	360	889	890	265	266	267
10	656	235	236	237	238	239	240	241
10	243	1391	1392	1393
10	636	1721	1722	687	957	958	1557	1558
10	639	367	2088	1699	1700	1524
10	366	1405	1406	508	509
10	488	1964	1965	1720
10	657	2201	2202	2203	2204	2205	808	1652
10	599	649	650	651	652	653	654
10	405	1430	1431
10	664	656	1663
10	700	1266	1267	1268
10	514	1475	1476	2340	169
10	720	1959	565	566	567
10	578	1871	131	132
10	670	1875	1876	1877	1878	2403	911
10	690	568	569	570	1890	1891	1892
10	651	804	805	806
10	651	1984	1985	1986
10	706	1664	1709	1710	1711	1665	1666	1667
10	687	670	671	672	673	674	1449	1450	1451
10	235	1282	1283
10	675	877	878	879	2359	2360
10	679	873	874	1639	1640	1641
10	436	1798	1799	1800	2233
10	677	2424	2425	2426	2427	2428	2429
10	693	1997	1998	562
10	599	2086	2087	2088	2089	543
10	675	1686	1687	1688	1689	1690	1653
1	415	579	580	581	582	583	1565
1	620	229	341	13	14
1	663	1504	1505	1506	1507	1508	1509	1510
1	632	2256	2257	2258	2259	1381	1382	1383
1	578	2343	1436	91
1	692	92	93	94	95	1113	1114	1115
1	698	841	842	843	1599	744	745	1259
1	664	2303	913	2241	2242
1	688	1530	1531	1625	177	178
1	693	1885	2007	2008	1196	1197	1198
1	679	1774	1775	590	122
1	620	1921	1922	1923	1924	2374	2375	2376
1	688	357	358	886	702	888	1277	1278	973
1	680	3	487	1577	6	7	8
1	710	2110	8	9	10
1	700	151	152	512	246	1462	1463	2131	2132	72	73
1	702	158	855	2216	1806	1807	1808
1	587	1206	1207	1767	1768	1208	1209	1210
1	585	242	2412	155	156	2252
1	496	953	954	955	1461	515	1762
1	619	1831	2239	2240	914	915	916
1	672	2305	2306	2307	2308	2309	2310	2246
1	599	510	511	512	513	514	1462	1463	1265
1	689	609	610	611	1533	1534	721	722	1297
1	618	1001	1002	1119	388	389	390	391
1	616	1457	1458	1459	1460	956
1	702	76	77	78	79
1	662	44	45	46	47	48	49	50
1	665	1668	1295	1299	1300	1823
10	696	2106	2046	836
10	687	69	2387	2388
10	717	470	2391	2430
10	614	2219	2220
10	539	323	902	903
10	716	530	896	320	321	322	901
10	425	928	929	930	931
10	715	56	57	58	1488	2399	1999
10	642	1816	1817	1818	2373
10	710	103	104
10	666	1790	992	2044	1793
10	543	2164	2165	1707
10	412	2166	1171	1172
10	490	2393	2372
10	561	429	1055	1366
10	430	982	1620	1621
10	719	1526	1527	1528	1529	1532	1533	1534
10	672	1925	2175	185	186	187	188
10	703	2395	2396	2397	382	100
10	601	312	313	2322	2323	2324	2325
10	672	2156	2157	129
10	649	1916	2159	1226
10	698	990	991	992	2044	831	832
10	610	1794	1530	223
10	686	981	1571	1572	1573
10	720	544	1348	1349
10	690	1956	1957	1182	1183	1184
10	707	1302	2404
10	623	1987	1988	2269	2270	2271	2272	2273	1474
10	718	837	2049	2050
10	658	1992	1993	1994	1995	1712
10	651	1977	1978	1979	1980	1981	1982	1983
10	699	498	499	500	875	876
10	125	1467	1468
10	575	713	714
10	665	1284	1285	1046	1047	1048
10	462	880	881	882	883
1	462	1936	1937	1938	1939	1940	1941
1	423	1223	1224	1915	547	989	2160
1	642	347	348	349	71
1	637	1503	846	847	761	762
1	634	339	340	137	138
1	711	2222	2223	336	490	491	492	1112	2287	2288	2289	2290	2291	2292
10	717	11	230	231	232	233	234
10	693	142	1588	1589	1590	1591	1592	1593	1253	1254	2357
10	701	81	597	598	599
10	705	2362	2363	2364	1950	1863	1864	1865	372
10	683	932	933	2228	2229	2113
10	696	1446	1447	1188	1189	1190	1191	1192	1193	1194
10	659	2003	2004	2005	2006	1009	1010	1011	1550	1551
10	555	1105	1106	994	606	996
10	698	286	287	1003	1120	1121	1246	838
10	321	1394	1395	1396	1397
10	444	1350	1351	1352	1353	1354
10	688	68	17	70	350	351	352
10	712	1754	1755	1756	193	1496
10	717	423	424	425	1817	428
10	689	2009	2010	2011	2012	2013	2014	1203	1204
10	655	1376	460	461	462	463	1947
10	498	205	206	207	208	209
10	678	1063	1064	1065	1136	1137	1138	1139
10	651	1564	1153	1154	1155	1156	1611	1612	1613
10	716	1910	1911	1912
10	684	1492	1493	1494	1495	1496
10	701	2389	33	34	35	36	37
10	668	353	354	355	356
10	705	2163	2164	2165	1355
10	469	1662	657
1	631	1202	2015	2016	1842	1843	1844	1845	1846
1	684	164	165	1426	217	218	219	126	127	1784
10	674	2133	2134	1603	1604	1605	1606	1607	1608
10	647	1442	1443	2232	2233	2234
10	712	2253	2254	703	704	705
10	597	272	273	479	711	712
10	679	2394	2395	135	136
10	559	1141	1076	1077	1078	1766
10	695	1367	1368	2123	2124	571	572	573
10	701	1802	1760	1761	753	252	253
10	528	1099	374	375
10	715	308	454	455	2198	2199
10	667	2309	2310	2193	2194	1139	1140
10	710	2090	2091	2092	2093	2094	1389	1390
10	674	278	279	280	615	616	617
10	699	1552	1553	1554	1555	1556	2067	2416	2417
10	679	2073	2074	2075	2076	2209	2210	2211	2212
10	703	603	604	605	995	607	2348	2170	2171
10	697	2361	32	2390	2391	2392
10	677	1948	1949	2365	2366	2367	2368	2369	2370
10	563	1719	803
1	658	466	971	972	973	974	771	772	773	774
1	606	1091	1092	1093	1094	1470	1471	1386	1387
10	705	31	268
10	666	1740	1741	159	897	898	860
10	674	1240	1241	1242	1243	1244	1245	1122	1123	1124
10	662	111	112	113	114	1030	1031	1032	1033
10	635	166	827	828	328
10	717	210	211	212	213	214	215	216	1427	1428	1429
10	657	833	834	2107	717	718
10	669	800	736	737	1597	1598	1599	1600
10	713	1499	201	202	203	923	400
10	707	949	950	951	952	1599	1600
10	709	1559	1560	1561	1562	2077	2078	1273	1274	1275
1	695	538	539	369	2270	1954
1	712	2226	2227	934	935	1179	937	385	386
1	717	1345	1346	1705	1706
10	660	2111	2112	1402	1403	1404
10	679	2141	2142	2143	2144	2145	2146	2026	2027
10	654	268	269	412	413	414	415	416	417
10	705	1034	1035	1036	641	642	643	644	645	646	647	648
10	669	1909	2028	858	859	899	900
10	705	1134	2313	2314	2315
1	710	697	698	699	700	701	887	888	971	468	469
10	710	1211	1212	1213	1214	1215	1216	1217
10	712	869	870	871	872
10	706	2025	2214	2215	160	161	162	163
10	675	574	575	576

MyIndex	Index	StartTime	EndTime	StartStation	Endstation
2	1173	131	227	1014	2993
47	55	354	442	2221	14
2263	655	7793	7869	3243	3631
2401	783	9682	9819	1014	2993
2426	1479	10035	10080	699	2759
2428	1227	10040	10080	3631	3113
