Costs	Duraton	Task_1	Task_2	Task_3	Task_4	Task_5	Task_6	Task_7	Task_8	Task_9	Task_10
1	470	2108	487	5	1578
1	420	138	139	346	16
1	470	344	345	15	143
1	470	1602	1603	26	694
1	440	693	1603	26	694
1	470	1417	1418	2138	2139	2140	2141
1	410	472	473	411	710
1	410	275	276	601	602
1	462	2107	2108	659	660
1	372	4	1577	6	7
1	372	137	138	345	15
1	462	18	19	20	1413	1414	1415
1	462	1416	26	2135	2136
1	402	74	695	696	697
1	462	469	470	408	409
1	464	532	533	534	535	536	322
1	369	2345	2346	2347	608
1	473	1445	1630	1187	1188	943
1	408	894	895	531	532	533	35
1	458	868	97	98	99	383	384
1	448	997	1296	723	98	99	383	384
1	479	2003	674	675
1	377	1679	1680	1309
1	461	1679	1451	1012
1	476	1010	1011	1452
1	462	1595	1596	1597
1	435	1457	1021	1459
1	380	1020	686	1459
1	474	685	1722	2067
1	424	1507	2076	1509
1	461	2210	2211	1379
1	463	2261	2331	2332	2333	2334
1	458	776	539	369
1	452	1294	1398	1299
1	461	2297	2298	392
1	465	1220	2153	1525
1	472	418	43	1870
1	478	2281	2282	2283	2284
1	418	1669	998	999
1	425	2001	795	188
1	473	738	739	740	2409
1	478	1648	1649	2207	2208
1	400	525	1081	1082
1	463	1083	363	364	365
1	448	540	541	542	2090	2091
1	362	94	2226	2227	934	935	936
1	424	94	95	96	1298	282
1	476	794	2299	944
1	396	945	1546	1547	299
1	413	847	848	885	966	967
1	472	1252	1594	1013	1014
1	474	2063	843	1599	1600
1	479	1277	1278	973	974	771	772	773
1	396	500	501	502	503	1251	2057
1	459	1410	1411	1412	148	149	150	151	152
1	390	1214	1215	1216	1472
1	449	1539	1540	286	287	1003	1120	1121	1122
1	480	1736	1737	768	769
1	437	2274	2275	2276	2277	2278	46	47
1	382	2144	2145	588
1	454	1128	1129	2307	2308	2309	2310
1	445	2246	2247	2248	2249
1	450	2394	2395	2396	58	59
1	465	2310	2311	2312	1067	1068	1139
1	478	1330	1331	1332	1333	1334	1335	591
1	440	556	557	1816	1817
1	470	2175	63	64	65	66
1	416	1366	2181	2182	435	436	2302
1	469	1841	2017	2018	456
1	448	1904	1905	1325	1326	1327
1	470	1328	117	118	119
1	451	1053	173	1530	1531
1	455	1369	1370	1197	1198
1	453	1855	1856	2215
1	455	827	828	545	2038
1	456	831	2166	1171
1	440	376	421	422	1917	1918	1919
1	444	1920	1921	2397
1	421	440	1885	1886	441	442
1	440	2145	2146	2026	2027	2028	206	207	208
1	415	209	210	211	212	213	1425
1	382	447	448	449	450	451	452	453	454
1	382	211	212	213	214	215	216	1427	1428	1782
1	439	1832	2240	2191
1	445	1154	1155	1156	586	1330
1	430	2188	2189	2190	624
1	474	919	920	627	628	454	455
1	463	2147	1568
1	360	2405	1495
1	438	1063	445	446
1	452	2241	2242	2243	2244	2245	2246
1	423	1223	1224	1225	1916	2159	2160
1	466	616	1486	1487	1488	2399
1	466	190	2238	2239	2240	914
1	477	1965	736	737	305
1	466	1023	630	631	199	200
1	366	1222	1223	1224	1225	547	548
1	413	1187	1188	1189	1190	1191	1192	1193
1	402	2222	2223	2224	787	2226	2227	934
1	412	1646	1647	1648	1649	1650
1	471	1978	1979	1980	1981	1982	809
1	427	2358	746	1260	1261	1262	1263
1	480	1264	751	752	753	754	755	756
1	423	1826	1827	1960	1961	1962	1963
1	463	1966	1967	1968	1969	1970
1	431	801	802	1971	1972	1973	1974
1	421	1647	1648	1649	1650	1651
1	425	1979	1980	1981	1982	809	810
1	363	2327	2328	2329	2330	2331
1	465	1692	2329	2330	978
1	431	649	650	979	1698
1	458	430	431	432	433
1	458	1320	1321	1322	1323
1	458	1420	1421	1422	1423
1	556	2104	2105	1575	1576
1	560	3	4	5	1578
1	530	9	10	11	230
1	556	1579	1580	1581	1582
1	586	1933	1934	1935	147
1	586	24	25	26	2135	2136	27
1	526	405	406	407	471
1	500	476	477	478	479
1	582	1574	1	2	486
1	552	2107	2108	2109	488	489	337	338
1	582	339	340	12	13
1	522	230	342	14	140	141	142
1	522	1936	1937	20	21	22	23
1	522	408	409	410	411
1	526	834	2107	717	718
1	500	870	12	342	871
1	513	2168	904	174	175
1	582	1803	1804	1848	459
1	500	170	171	993
1	552	2220	1533	1534	721
1	488	1534	1535	997	1296	1629
1	549	792	793	388	389	390	1187	1188	1189
1	546	1203	2016	1842	1843	1844	1845	1763
1	587	901	902	1809
1	568	721	722	1297	1298	282	1401	2230	2114
1	506	2115	941	101	1186	1187	1188	943
1	507	1449	1310	1311	1312
1	523	677	678	679	680	681	682	683	1200	1201
1	548	1768	1769	1273	1274	1275	1276	1738	893
1	537	1400	1401	1242	1243	1244	387	1004
1	571	2003	2004	2005	2006	2007
1	593	2254	888	889	890	891	1738	1739
1	571	1384	823	824	825	371
1	537	1866	1867	1868	45	2279	2280
1	538	1670	1113	1114	1115	1116
1	576	1399	1538	2292	2293	2294	2295
1	550	1117	1118	1119	388	389	390	391
1	496	1643	239	240
1	538	1460	956	957	958	959
1	587	688	689	690	252	522
1	573	523	1730	1731
1	595	2078	2079	1086
1	505	1380	1381	1382	1088	774	775
1	552	2261	2262	2263	2264	2265	2266
1	590	538	368	778
1	590	2335	1384	1385	1864	2369
1	494	41	42	2092
1	526	280	615	1821
1	528	1300	1675	1676
1	599	302	303	304	305	2408
1	531	818	819	820	1218	1219
1	574	368	369	2270	2369	2370
1	585	2268	2269	2270	1954	1955
1	578	2343	87	88	89	90	91
1	527	92	93	1236	1237	1238
1	522	1669	1296	1297	1298	1673	1674
1	544	2285	2286	1180	1181	1182
1	535	281	1181	2000
1	578	1000	2296	1677
1	600	295	296	297	298	1450	1451
1	512	240	685	1556
1	555	687	2068	2069	2070	2071
1	546	1723	1500	524
1	529	2077	2078	1273	1274	1084	1085
1	540	2263	2264	2265	2266	2267	1988
1	549	607	608	609	610	611	612	93
1	598	2414	2415	960
1	560	516	517	518	519	520	521	522	2419
1	577	2420	2421	1268	759	760	761
1	591	1733	1270	1271	1272	1273	1274	1275	1276	892
1	524	762	763	764	765	766
1	568	976	977	818	819	820
1	487	821	415	1865	1866
1	582	1218	370	1042	1867	1868
1	537	416	417	418	43	44
1	596	2057	2058	2059	2060	2061	2062	1015	1016	1017
1	589	842	1454	1455	1456	241	242	243
1	592	1018	1019	743	744	745	153	154
1	594	1601	1259	747	748	749	750	751	752	753
1	522	1089	1090	1091	1092	1093	1094	1095	1096
1	579	1868	1869	2093	2094	1389	1285	48
1	488	336	490	491	492	663	2287	2288
1	598	1543	1544	1545	946	2052	2053	2054	2055	2056	2057
1	500	153	2129	2130	751	752	690	691
1	592	260	261	262	263	264	464	465	970	971
1	593	1946	359	360	361	362	766	767	768
1	501	2273	1474	1475
1	583	1110	1111	1112	664	2288	2289	2290	2291	1539	1540
1	541	1176	1177	1178	936	937	385
1	548	251	252	961	962	963	964	965
1	499	1096	1472	1473	1951	1952	2272	2273
1	517	413	414	415	2337	1953	1043	1044	1045
1	538	1819	1486	1487	59	60
1	558	2176	1880	730
1	507	731	191	913	2305	2306
1	562	438	1127	1128	1129	1833	1834	105
1	558	106	571	2195
1	573	2311	2312	1838	1839	1840	1070	1071
1	529	2193	2194	1069	1070	1071
1	572	1072	1073	1074	1075	1076
1	534	1908	2144	118	119	1038
1	496	1334	1335	1423	1424	1425	1426	217	218
1	530	1334	1335	591	592	593	594	595
1	593	162	163	164	165	1426	217	1521	1522
1	598	162	163	164	165	1426	217	1521	1572
1	535	60	181	182	183	184	63
1	513	1882	1883	438	1127	1128	1129	1130
1	512	556	557	1748	1749	2170	2171
1	573	1363	2116	2234	102
1	554	1835	569	570	571	572
1	538	1841	2017	2018	2019
1	487	1779	1519	1520	1616
1	521	1617	1618	1619
1	525	1784	1785	1786	1787	1788	986
1	567	983	1704	1705	1706
1	525	550	551	552	553	554	555	173
1	598	330	331	904	174	2169
1	560	905	906	1623	1624
1	484	724	725	61	62	2176
1	485	383	384	938	939	940
1	561	2351	2352	1057	2354
1	573	102	1058	1059	732	2188	2189	440
1	573	2235	2236	1059	732	2188	2189	440
1	551	2235	1830	2121	2122
1	590	1887	1888	1196	107	108	109
1	590	2123	2124	1758	397
1	560	1197	918	195	196
1	561	1371	1135	1136	1374
1	592	2010	2011	2012	2013	2014	2015	2016
1	552	1316	1317	1070	1071	2250
1	522	197	198	632	633	634
1	586	2251	2252	1847
1	523	1842	1843	1844	1845	1846	1847
1	573	1850	1851	1852	1853	1854
1	577	314	315	1771	1772	1773
1	485	1855	529	1740	1741	159
1	564	318	319	2216	1742
1	599	320	898	1338	981
1	573	1517	1162	1519	1520	166
1	522	1571	1342	1343	1344	1345
1	485	825	826	167	168	373
1	560	1856	1857	1040	1041
1	546	529	530	1041
1	575	1892	1893	1894	1895	1896	1024
1	553	1025	1026	1142	1143	1144	1145
1	524	1146	1147	1853
1	577	218	219	126	127	1784	1785	1786
1	584	904	174	175	176
1	549	2192	2311	2312	1137	1138
1	596	1872	1746	1747	558	559
1	506	1481	1814	1815	558	559
1	587	1481	906	907	908
1	496	911	912	1059	732
1	600	1896	1897	1898	1899	1900	1901	578
1	583	2029	2030
1	529	2149	2150	2151	2152	2153	2154	2155
1	558	1340	1341	1342	1343	1344	128
1	584	1700	2155	2034	2035	1167	1168	1169	1223
1	497	1622	560
1	498	1496	919	920	921
1	498	400	925
1	496	1658	927
1	497	1568	1659
1	575	570	2125	2009	398
1	521	914	1682	304	305	306
1	574	307	308	1896
1	562	1223	1224	1225	547	548	2100
1	491	187	294	189
1	491	2408	1458	1022
1	537	1724	1725	1726	1727	1728
1	491	1729	808	1562	1563
1	537	812	813	814	815	816
1	491	817	777	540
1	510	1494	1495	1496	919
1	598	2185	2186	2187	2304	2305	2306	1130	1131	1132
1	536	612	1439	1440	1441	1627	1628
1	484	1861	1862	1863	2368	2271	2272	2273	2274
1	589	364	647	648	649	650	651
1	521	1975	1976	2201	2202
1	547	2201	2202	2203	2204	2205	2206	2207	808
1	521	811	2326	647	648
1	529	642	643	644	645	646	365	2329	2330	2331
1	600	647	648	649	652
1	596	2033	2034	2035	1167	1168	2156	2157	2158
1	573	2082	2083	2084	2085	2086
1	410	472	708	709	710
1	462	475	599	477	478
1	432	477	478	600	711
1	449	1514	1515	1806	1807	1744
1	465	1809	1810
1	446	1767	1768	1208	1209	1210
1	415	1447	1188	1189	1448
1	415	1766	1206	1207	1767
1	400	1079	1080	1732	852
1	469	896	320	898	899	900	37
1	440	36	37	38	39
1	363	953	954	247	845
1	373	527	1510	1511	1512
1	448	527	2078	1770	1855	529
1	479	1384	823	325
1	435	613	614	1295
1	435	1548	1549	1309
1	450	44	45	2095	2096
1	460	2206	2207	808	2074	2075
1	414	2088	2089	2090
1	380	2343	1436	1437
1	376	1989	51	52
1	470	671	672	673	2056	2057
1	458	782	1388	1389
1	466	504	505	839	507
1	403	1606	1607	1323	1324	1906	1907
1	476	1523	1701	1702	1620
1	445	553	172	556	557
1	462	1926	1878	1879	1364	1365
1	440	2020	2021	638	639
1	380	1775	1776	1777	1778
1	394	1351	1352	1353	1354
1	469	1790	992	2044	831
1	438	1625	177	178	98	99
1	454	825	826	1346	1347
1	376	1920	1921	1922	1923	381
1	413	2119	2120	2355	2008
1	413	124	125	220	372
1	463	1150	1151	1152	1153
1	463	1303	1304
1	415	312	1851	583	1565
1	391	401	402	403	640
1	405	1200	1201	1202	1203
1	471	564	797	798	799
1	476	2033	1165	1166	1167	1168	1661
1	590	715	716	2106	1576
1	590	229	341	342	343
1	560	1583	1584	1585	1586	1587	143
1	590	144	145	146	349
1	590	2386	70	1937	1938
1	530	273	274	275	276
1	492	78	79	408	409
1	552	274	275	276	277
1	492	481	482	483	484
1	504	870	12	231	232	233
1	490	1935	70	1937	2387
1	500	2390	408	409	2391
1	582	158	855	2216	1806
1	563	255	1207	1767	1768
1	599	1445	1446	1447	1190	1191
1	538	682	683	684	2411	2412	2413	2414
1	553	853	854	855	1040
1	505	36	901	324
1	594	1005	1006	1007	395
1	558	2356	841	842	843
1	524	293	393	394
1	494	2416	2417	2418
1	499	2070	1501	1502
1	548	1507	1508	2209	2078	1273	1274
1	507	2093	2094	49	50
1	562	297	394	299	300	301
1	579	1508	1563	1564	1565	641	642	643
1	524	1236	1237	1822	1239	1240
1	562	237	238	741	742	743
1	593	2255	2256	2257	2258	975
1	576	1235	789	1400	1401
1	510	971	1278	770	771	772	773
1	571	1217	1385	1386	1387	2274	2275
1	505	1097	1098	1866	1867
1	576	786	1233	1234	788	494	495
1	563	1175	2228	2229	1402
1	546	1246	1247	1248	1249
1	489	1246	2049	2050	2051
1	529	1634	1635	1636	2056	2057
1	583	1228	1229	1230	1231	1232
1	527	728	729	437
1	573	2311	2312	1372	1373	1070	1071
1	598	1032	1033	1906	1610
1	598	586	1330	161
1	573	457	458	1849	115
1	519	457	1030	1150
1	590	116	117	118	119
1	595	640	1037
1	514	983	984	985	1789
1	597	1703	1704	1705	1348
1	572	1351	2163	2164	2165
1	566	330	331	904	905	1482
1	490	179	180	726	727	2176
1	552	2180	2181	2182	2183	2184	2185	2382	2383	1884
1	575	2017	2018	1028	1029
1	561	637	638	639	2321
1	590	1774	319	2216	1516
1	560	856	857	1569	1570
1	499	220	326	327
1	546	384	1444	2178
1	575	1920	1921	1922	1923	1924	2374	2375
1	509	159	897	898	1743
1	574	1150	1151	1152	584
1	596	2237	1306	1307	1308	1681	623	624
1	583	625	1496
1	569	1495	626
1	517	195	399	454	455
1	502	1896	1024	1025	1026	1027
1	569	1896	1897	1898	576	577	203
1	580	858	859	1517	1518	1780	1781
1	497	2036	1913	1914	1915	547	989
1	506	130	1874
1	496	910	2404
1	506	922	204
1	589	1794	905	906	1623
1	589	916	917	918	195
1	575	991	1791	1792	1102
1	519	2379	2380	436	437	438	439	1061	1062
1	537	623	624	2406	2407
1	490	1928	1929
1	490	1837	2313
1	490	1903	2022
1	585	333	334	335	1109	1110
1	589	1991	1992	1993	1994	1995	1665
1	573	1713	1714	1715	1716	1717	1718
1	586	1249	1250	875
1	432	2137	28	76	77
1	448	527	528	317	1855	529
1	464	945	946	1590	1591	1592	1593
1	440	1276	2259	2260	1087
1	460	1641	1642	1453	1454
1	388	1339	2149	2150	543
1	560	658	2109	2110	8
1	582	408	409	80	474
1	585	242	2412	955	156	2252
1	593	1536	1537	1400	2231
1	598	1240	1241	288	289	290	291	292
1	562	297	1678	1008	1009	301
1	552	1637	1638	1639	1640	236
1	528	758	1269	851	888	889
1	563	462	463	464	465	466	971	972	1279	1280
1	525	550	551	552	221	1053	173
1	561	1371	1135	1066	1374
1	519	2379	2380	436	2302	2303	2304	1060	1061	1062
1	500	1506	526	527	2078
1	556	357	358	886	702	888	889	890	2257
1	480	1177	1178	1179	283	284	285	1541
1	396	2365	1951	1952	2272
1	427	1542	1543	1544	1545	946	947	948
1	582	706	707	270	271
1	506	2115	941	942	943
1	593	1536	664	665	666	2112	2113	2231
1	496	953	1461	515	1762
1	568	2064	2065	2066	2410	2411
1	568	493	1671	1672	1001	1002
1	554	244	245	246	155	248	249	250	251
1	576	786	2225	493	494	495
1	571	496	2112	1402	1403	386	1245
1	585	2058	1255	1256	1407	1408	1409
1	548	1093	1094	1950	2366	2367	2338
1	597	1470	1471	822	823	40	779	780	781
1	561	2351	2352	2353	2354
1	536	612	1439	1440	1626	1627	1628
1	595	1592	1252	1253	1254	1407
1	492	694	75	29	30
1	578	698	699	700	701	887	466	467	468
1	574	885	966	967	968	969	970	971
1	579	1887	1888	1889	1314	1315
1	583	923	924
1	592	2122	1885	2007	676	1313	1890
1	582	145	69	70	350
1	496	65	66	433	434	435	2381	2382	2383
1	594	1412	1939	1940	1941	1942
1	599	510	511	512	513	514	1462	1463	1265
1	415	579	580	581	582	583	1565
1	590	17	1936	71	1940
1	582	347	348	1936	19
1	427	757	849	850	1734	1735	462

MyIndex	Index	StartTime	EndTime	StartStation	Endstation
0	1049	103	170	1014	2997
2	1173	131	227	1014	2993
4	1432	140	189	1014	5100
6	1105	167	273	1014	1823
7	1356	175	213	4718	6263
9	2219	182	311	2759	699
10	1394	187	296	4718	877
11	329	192	239	6710	4513
12	1050	198	247	2997	3480
13	1433	205	233	5100	2997
14	1357	213	234	6263	4718
16	928	243	278	1014	1469
17	1434	248	297	2997	3480
18	1708	263	365	3113	3631
19	1051	265	327	3480	6710
21	86	272	352	1419	669
22	1106	273	360	1823	1014
24	929	278	366	1469	5498
25	420	280	292	960	3349
29	1871	298	405	3911	1453
30	1526	299	307	6116	5379
32	1395	307	363	877	3113
35	1435	314	387	3480	669
36	1527	316	360	5379	5398
37	833	324	422	4475	3125
38	1052	327	393	6710	4513
40	603	339	416	1756	1175
43	1664	348	421	3243	3631
44	2344	350	396	669	3152
46	784	351	352	1938	2993
47	55	354	442	2221	14
49	2393	354	394	4630	6263
52	1480	372	435	3113	1453
53	2371	373	413	4630	6263
57	1358	386	420	4718	3012
58	930	389	445	5498	3125
60	1396	392	506	3113	830
64	865	405	407	6849	1419
66	1528	407	437	5398	6116
67	604	416	436	1175	1014
68	332	420	541	6849	5100
69	1359	420	434	3012	5078
70	222	424	485	4513	3870
72	1709	429	451	3631	6990
80	1290	466	512	5789	4185
83	931	478	668	3125	2759
86	994	483	561	1014	2997
87	605	490	567	1014	2997
88	866	493	505	1419	4953
90	1529	501	759	6116	4513
92	1397	506	508	830	5789
95	1873	532	562	997	1453
100	131	548	728	1453	3139
106	1107	573	782	1014	6142
107	995	588	636	2997	3480
108	606	594	642	2997	3480
109	423	596	636	4446	960
110	1360	600	615	5078	3012
112	867	629	641	4953	1419
113	424	636	694	960	5885
115	996	646	722	3480	1419
122	835	684	700	4621	1175
123	425	700	746	5885	7191
128	278	716	738	508	4185
130	132	728	876	3139	4196
138	1795	768	854	4513	6849
148	2221	799	922	5915	5100
150	2372	812	844	6263	4718
154	2348	841	903	6710	4513
156	1710	845	864	6990	6844
159	785	852	954	2993	7331
160	1796	854	1026	6849	5498
161	1438	863	1005	5789	669
162	1711	864	866	6844	3631
165	1483	879	988	4513	4377
170	1996	896	927	3631	2925
171	1532	897	962	4513	5915
172	223	899	1043	3870	5915
175	1750	919	1180	4513	6116
176	279	921	967	4185	830
178	2046	930	946	4621	1175
183	1054	950	1032	4377	7191
189	377	960	972	3349	960
192	1818	970	975	4377	4718
194	1666	972	1029	508	3631
196	1108	984	1186	6142	7331
204	2349	1008	1094	4513	6849
205	1712	1012	1086	3631	3243
207	1667	1030	1054	3631	6888
209	378	1037	1077	960	4446
210	1291	1037	1075	4185	3631
211	719	1045	1142	3125	4475
212	2047	1052	1116	1175	1938
213	1668	1054	1098	6888	5789
216	1797	1058	1085	5498	4651
217	224	1073	1080	5915	699
218	1292	1075	1116	3631	4185
220	836	1077	1151	1175	1756
223	1997	1112	1141	2925	3631
226	426	1128	1203	7191	7181
227	932	1128	1322	2759	3125
233	720	1142	1184	4475	3152
234	1484	1142	1282	4377	1453
237	909	1148	1330	1453	3139
239	133	1153	1239	4196	4513
244	379	1161	1179	4446	4780
245	225	1164	1169	699	5915
246	1293	1164	1217	4185	830
248	226	1169	1354	5915	4377
250	2172	1175	1233	4377	6804
253	1751	1180	1189	6116	5379
258	427	1203	1229	7181	4377
262	380	1205	1220	4780	960
270	1361	1227	1267	3012	4630
271	56	1231	1266	14	2221
272	1174	1234	1330	2993	7331
273	661	1236	1262	4621	1184
274	134	1239	1353	4513	4718
277	428	1252	1313	4377	4630
278	561	1252	1370	3139	3113
288	662	1282	1366	1184	2997
289	1485	1282	1282	1453	877
290	2373	1285	1412	4718	3251
296	1820	1309	1363	877	3113
300	933	1322	1329	3125	1014
314	57	1366	1509	2221	6296
319	227	1388	1500	4377	4513
320	617	1390	1390	877	1453
325	1998	1400	1498	3631	3113
328	135	1406	1504	4718	2221
329	790	1408	1460	1419	2759
340	1956	1439	1501	508	5593
341	2111	1439	1460	4621	1014
351	2398	1474	1561	4446	877
356	382	1497	1612	4446	4513
358	228	1500	1690	4513	3638
381	667	1603	1788	1014	6142
383	497	1607	1713	1014	1823
386	791	1622	1751	2759	699
397	1823	1678	1719	5789	6888
405	562	1703	1805	3113	3631
407	1957	1710	1736	5593	830
410	618	1715	1953	1453	6116
413	1925	1720	1778	960	4377
415	1824	1723	1776	6888	3243
416	2376	1725	1770	4446	3349
417	1489	1736	1743	877	1075
418	1958	1736	1745	830	6990
420	1875	1738	1845	3911	1453
426	1752	1756	1800	5379	5398
427	1798	1760	1793	4651	5498
430	869	1764	1862	4475	3125
433	2173	1777	1780	6804	6949
434	837	1779	1856	1756	1175
435	1301	1781	1821	5789	4185
437	668	1788	1813	6142	1722
438	1825	1788	1861	3243	3631
441	2174	1791	1854	6949	4377
443	136	1794	1882	2221	14
447	1753	1800	1829	5398	6116
448	2400	1803	1818	3113	4196
452	429	1813	1961	4630	7191
454	1302	1821	2050	4185	1453
455	1362	1824	1880	4630	4377
456	1442	1824	1874	2759	6849
459	1799	1829	1885	5498	3125
460	2048	1829	1891	1938	1175
461	1999	1832	1946	3113	830
467	563	1843	1908	3631	508
474	1876	1858	1882	1453	997
476	100	1864	1925	4513	3870
478	2401	1873	1959	4196	4513
479	1443	1874	1876	6849	1419
480	1877	1882	1911	997	1453
486	1959	1901	1921	6990	3631
487	1927	1904	1911	1453	1075
488	1490	1905	1942	1075	997
489	2350	1905	1991	6849	4513
490	1183	1906	1952	5789	4185
492	1404	1915	2099	1014	2744
493	669	1916	1939	1722	6142
494	1800	1918	2108	3125	2759
503	1184	1952	2129	4185	4196
504	619	1953	2015	6116	3139
518	2402	1999	2088	4513	4196
530	2177	2072	2165	4513	3152
533	185	2082	2188	4718	877
535	2232	2086	2146	1419	2759
536	1055	2088	2170	7191	4377
539	2403	2097	2144	4196	1453
546	2002	2136	2260	669	1419
550	2233	2146	2196	2759	6849
564	186	2198	2263	877	3113
574	1185	2233	2319	4196	4513
575	1631	2239	2357	5915	5773
580	565	2255	2278	3631	6990
582	1123	2268	2349	1014	2221
583	1056	2270	2352	4377	7191
585	620	2272	2451	3139	1453
588	566	2278	2483	6990	1453
590	2179	2281	2343	6710	4513
600	796	2317	2326	830	3631
610	1881	2342	2355	4238	3012
613	1124	2349	2384	2221	14
615	1632	2357	2411	5773	7073
631	67	2398	2503	4377	4513
632	2377	2400	2412	3349	960
636	872	2418	2476	3125	5498
638	670	2424	2626	6142	7331
643	2300	2434	2519	3152	4513
646	621	2468	2649	1453	3139
647	1828	2470	2494	3631	6888
650	2378	2477	2489	960	3349
656	1930	2484	2638	1075	4377
657	234	2485	2582	3125	4475
658	838	2492	2556	1175	1938
659	1829	2494	2593	6888	4196
663	873	2498	2525	5498	4651
664	1491	2498	2522	997	1453
666	2117	2498	2550	6849	2759
668	567	2503	2621	1453	3911
674	2301	2525	2694	4513	4238
677	2118	2550	2600	2759	6849
678	498	2554	2646	1823	1184
680	1633	2556	2567	7073	7331
686	1305	2571	2571	1453	877
702	103	2615	2673	4377	6804
720	1125	2671	2706	14	2221
724	499	2687	2700	1184	7331
726	622	2692	2810	3139	3113
727	1931	2692	2753	4377	4630
750	1588	2766	2792	4621	1184
756	1831	2780	2959	4513	4238
765	1126	2806	2949	2221	6296
771	1589	2829	2844	1184	7331
778	1964	2840	2938	3631	3113
782	1194	2845	2954	5915	2759
783	2384	2846	2944	4718	2221
791	874	2879	2917	4651	1014
792	1932	2879	2944	4630	3638
802	396	2923	2925	1419	6849
807	2385	2944	2945	2221	3638
818	733	2980	3117	1453	3631
845	734	3117	3227	3631	3243
854	192	3155	3393	1453	6116
856	235	3164	3209	4475	2997
860	568	3178	3285	3911	1453
861	1754	3179	3187	6116	5379
869	1755	3196	3240	5379	5398
870	949	3200	3233	4651	5498
872	1719	3204	3296	3243	3631
873	1492	3207	3328	7181	1075
875	1367	3217	3221	6804	6949
877	1405	3219	3296	1756	1175
879	1368	3221	3275	6949	4513
880	1550	3221	3261	5789	4185
884	735	3228	3301	3243	3631
885	876	3228	3253	6142	1722
893	800	3238	3308	508	3631
894	915	3243	3258	3113	4196
895	1133	3243	3343	4780	7191
898	68	3253	3318	4630	3638
900	1551	3261	3283	4185	508
901	1195	3264	3314	2759	6849
903	104	3265	3325	6804	4377
904	506	3269	3331	1938	1175
905	950	3269	3325	5498	3125
916	1756	3287	3317	5398	6116
917	1406	3296	3316	1175	1014
920	1720	3299	3328	3631	4185
921	840	3300	3320	1175	1014
922	2357	3302	3338	1014	6900
932	1064	3331	3365	6296	5885
938	1836	3344	3351	1453	1075
940	1493	3345	3382	1075	997
941	508	3355	3539	1014	2744
942	877	3356	3379	1722	6142
943	951	3358	3548	3125	2759
953	878	3379	3487	6142	2993
954	1757	3381	3639	6116	4513
957	1683	3386	3504	830	3243
965	193	3410	3456	6116	3139
969	443	3413	3464	4446	3349
979	1644	3439	3520	830	6617
982	1257	3453	3662	1014	6142
988	194	3472	3651	3139	1453
998	1134	3528	3610	7191	4377
1001	509	3539	3585	2744	1823
1006	444	3558	3603	3349	6296
1010	1598	3576	3700	669	1419
1011	1065	3580	3626	5885	7191
1020	1891	3604	3703	927	4446
1030	1645	3642	3687	6617	5624
1038	952	3661	3705	2759	1419
1062	803	3729	3767	3631	6888
1063	879	3732	3834	2993	7331
1068	1684	3752	3764	3243	1480
1071	1685	3764	3786	1480	1197
1076	1199	3777	3842	4513	5915
1083	110	3799	4060	4513	6116
1092	351	3816	3832	4621	1175
1097	573	3830	3912	4377	7191
1104	1552	3852	3909	508	3631
1107	1258	3864	4066	6142	7331
1108	352	3868	3941	1175	1756
1113	1801	3879	3929	2759	6849
1119	1497	3908	4089	1453	3139
1120	1553	3910	3934	3631	6888
1132	2314	3924	4078	1075	4377
1133	2388	3925	4022	3125	4475
1134	2126	3927	3967	6849	2759
1136	1554	3934	4006	6888	3243
1140	1759	3938	3990	6849	2759
1141	2359	3938	3957	7331	1175
1148	2360	3957	4031	1175	1756
1159	574	4008	4083	7191	7181
1160	1375	4008	4094	4513	6849
1161	2127	4008	4202	2759	3125
1162	1555	4009	4130	3243	830
1174	1721	4044	4097	4185	830
1180	1802	4058	4110	6849	2759
1186	629	4082	4082	1453	877
1194	1140	4107	4147	3012	4630
1195	804	4117	4176	6888	3243
1200	1318	4132	4193	4377	4630
1201	1498	4132	4250	3139	3113
1211	2315	4175	4233	4377	6804
1212	2196	4176	4305	4718	3251
1219	2128	4202	4214	3125	1184
1230	844	4235	4325	1419	3480
1234	1760	4260	4312	2759	1419
1248	1204	4285	4394	5915	2759
1253	2197	4305	4307	3251	1453
1271	1761	4395	4474	1419	3480
1280	2198	4420	4557	1453	3631
1284	2131	4451	4547	1014	2993
1289	1464	4483	4668	1014	6142
1304	2132	4547	4548	2993	1938
1307	2199	4557	4667	3631	3243
1313	1266	4593	4639	1823	2744
1314	309	4595	4833	1453	6116
1319	1499	4618	4666	3911	3113
1320	111	4619	4627	6116	5379
1321	1557	4624	4666	5789	2949
1325	112	4636	4680	5379	5398
1327	692	4640	4713	7331	3638
1328	880	4640	4668	4651	5498
1330	805	4644	4736	3243	3631
1332	575	4647	4651	7181	4446
1335	353	4659	4736	1756	1175
1338	1558	4666	4680	2949	2925
1340	1465	4668	4693	6142	1722
1341	2200	4668	4741	3243	3631
1342	72	4671	4740	1938	1175
1346	1943	4674	4762	2221	14
1350	113	4680	4709	5398	6116
1351	201	4683	4757	3113	1075
1354	1319	4693	4841	4630	7191
1356	1141	4704	4760	4630	4377
1357	2316	4705	4745	6804	2262
1358	881	4709	4765	5498	3125
1359	2133	4709	4771	1938	1175
1364	253	4720	4759	3480	3152
1365	1977	4723	4788	3631	508
1367	354	4736	4752	1175	4621
1370	806	4739	4768	3631	4185
1371	73	4740	4756	1175	4621
1374	635	4744	4805	4513	3870
1378	1944	4762	4808	14	2993
1379	882	4765	4772	3125	1014
1380	2134	4771	4787	1175	4621
1384	1902	4778	4813	997	1075
1386	202	4785	4822	1075	997
1387	2072	4786	4832	5789	4185
1389	1466	4796	4819	1722	6142
1392	636	4805	4859	3870	4513
1393	1077	4806	4925	4718	4513
1395	114	4821	5079	6116	4513
1399	2317	4826	4855	2262	4238
1403	310	4850	4896	6116	3139
1405	1764	4851	4891	699	5287
1408	1604	4855	4959	3638	6263
1409	2318	4855	4861	4238	4377
1418	1765	4891	4909	5287	3152
1419	883	4893	5102	1014	6142
1424	254	4909	4936	3152	699
1425	1686	4926	4957	1197	3243
1427	1078	4952	5045	4513	3152
1429	157	4966	5026	1419	2759
1434	1687	4996	5028	3243	1197
1437	1205	5008	5129	2759	699
1439	1503	5016	5140	669	1419
1442	1688	5028	5060	1197	3243
1443	311	5032	5211	3139	1453
1458	2319	5098	5211	4377	5818
1463	256	5119	5237	5915	5773
1464	2422	5121	5193	7331	5498
1466	1605	5132	5164	6263	4718
1468	1504	5140	5212	1419	559
1472	1267	5154	5291	2744	7331
1478	846	5179	5277	1419	3480
1483	1689	5192	5204	3243	1480
1487	1031	5222	5224	4238	4718
1489	2320	5225	5343	5818	4377
1490	1505	5228	5233	559	5915
1493	257	5237	5239	5773	5100
1494	807	5241	5287	4185	830
1497	1690	5246	5258	1480	3243
1498	355	5250	5275	4621	3125
1499	1559	5255	5330	2925	996
1507	356	5275	5327	3125	5100
1510	1608	5278	5383	4377	4513
1516	1148	5292	5348	960	2136
1522	884	5304	5506	6142	7331
1525	2023	5314	5448	1075	3139
1528	1805	5328	5414	4513	6849
1530	1652	5332	5406	3631	3243
1531	1983	5350	5374	3631	6888
1533	313	5353	5439	4196	4513
1534	1560	5354	5427	996	2925
1536	2073	5357	5395	4185	3631
1539	1149	5370	5387	2136	4238
1543	1376	5378	5430	6849	2759
1544	2423	5378	5405	5498	4651
1548	258	5396	5442	5100	4888
1550	1653	5406	5601	3243	6116
1553	1561	5432	5461	2925	3631
1555	460	5448	5642	2759	3125
1556	2322	5448	5534	4513	6849
1559	259	5456	5464	4888	7331
1569	2253	5474	5526	3152	1419
1593	1034	5536	5566	4446	960
1601	1945	5554	5650	2993	7331
1602	1984	5557	5616	6888	3243
1606	404	5572	5633	4377	4630
1607	2024	5572	5690	3139	3113
1617	1035	5591	5660	960	3251
1631	2142	5635	5636	3638	2221
1632	461	5642	5649	3125	1014
1638	1377	5656	5790	2759	699
1640	1036	5660	5662	3251	1453
1641	1609	5660	5839	4513	4238
1642	2323	5664	5701	6849	3959
1643	316	5665	5714	4513	6710
1649	2143	5686	5829	2221	6296
1658	2324	5717	5777	3959	4513
1675	2325	5777	5896	4513	3113
1679	703	5786	5867	3480	1419
1680	1378	5790	5995	699	5789
1697	704	5867	6092	1419	3638
1703	2212	5912	6036	5789	3113
1707	1947	5927	6033	1014	1823
1715	585	5961	5963	4238	4718
1723	2080	5998	6039	5789	6888
1725	265	6003	6038	1014	1469
1728	1611	6018	6159	4718	2354
1734	1566	6035	6273	1453	6116
1735	1157	6037	6060	4718	3012
1736	266	6038	6115	1469	1938
1738	2081	6043	6096	6888	3243
1743	2025	6058	6165	3911	1453
1744	1654	6059	6067	6116	5379
1745	1158	6060	6107	3012	4630
1747	1655	6067	6105	5379	5398
1751	2424	6080	6108	4651	5498
1754	1985	6084	6176	3243	3631
1755	2389	6084	6182	4475	3125
1757	1909	6087	6208	7181	1075
1758	587	6090	6157	2262	3349
1761	2361	6099	6176	1756	1175
1765	205	6102	6291	3139	1453
1767	1691	6108	6181	3243	3631
1768	31	6111	6180	1938	1175
1775	705	6125	6186	3638	4621
1777	2213	6132	6195	3113	1453
1778	1419	6133	6281	4630	7191
1779	1467	6134	6160	6142	1722
1783	1159	6144	6200	4630	4377
1784	1329	6145	6185	6804	2262
1785	267	6149	6211	1938	1175
1786	2425	6149	6205	5498	3125
1791	1612	6159	6227	2354	6235
1795	1656	6167	6197	5398	6116
1803	1986	6179	6208	3631	4185
1804	32	6180	6201	1175	3125
1812	1657	6197	6259	6116	3139
1815	589	6211	6299	6296	7191
1823	1910	6225	6262	1075	997
1824	366	6226	6272	5789	4185
1826	926	6230	6411	3139	1453
1827	1468	6236	6259	1722	6142
1828	33	6238	6428	3125	2759
1829	1693	6239	6364	5789	6985
1830	1613	6242	6308	6235	2354
1832	1039	6246	6365	4718	4513
1836	2214	6255	6302	1453	4196
1839	1567	6273	6335	6116	3139
1842	1858	6279	6333	4513	3870
1846	1211	6291	6331	699	5287
1847	1911	6292	6322	997	1453
1858	1212	6331	6570	5287	2744
1860	1281	6333	6542	1014	6142
1867	1859	6354	6478	3870	5915
1873	1383	6406	6482	3480	1419
1874	1513	6406	6466	1419	2759
1884	34	6448	6569	2759	699
1899	1694	6505	6528	6985	102
1903	160	6520	6662	4513	4238
1907	2426	6532	6565	3125	6563
1910	120	6538	6651	4377	5818
1917	1860	6559	6682	5915	5100
1927	1213	6594	6731	2744	7331
1931	1160	6602	6754	4377	1075
1932	2427	6604	6637	6563	3125
1936	1695	6625	6715	102	830
1940	590	6648	6730	7191	4377
1942	2428	6652	6687	3125	6563
1946	1336	6658	6768	4377	5818
1947	321	6659	6803	3870	5915
1949	121	6665	6783	5818	4377
1954	860	6679	6940	4513	6116
1958	980	6687	6848	2925	4196
1959	1614	6690	6802	2354	4238
1961	537	6698	6728	5915	669
1969	1696	6715	6751	830	996
1973	2429	6724	6757	6563	3125
1979	2392	6738	6796	3125	5498
1981	1469	6744	6946	6142	7331
1984	268	6752	6816	1175	1938
1990	1337	6784	6791	5818	4513
1992	653	6790	6814	3631	6888
1994	122	6794	6880	4377	4513
1995	1697	6794	6867	996	2925
2001	1161	6804	6958	1075	4377
2002	2430	6805	6902	3125	4475
2003	2217	6807	6847	6849	2759
2004	2362	6812	6876	1175	1938
2005	269	6816	6895	1938	4621
2006	1808	6818	6870	6849	2759
2008	1912	6823	6941	1453	3911
2009	2148	6832	7011	3139	1453
2018	1948	6874	6966	1823	1184
2020	2363	6876	6949	1938	750
2025	123	6888	6974	4513	6849
2028	2218	6888	7082	2759	3125
2029	2087	6889	7010	3243	830
2036	2031	6908	7090	1453	3139
2043	367	6924	6977	4185	830
2052	81	6955	6956	3638	2221
2054	1282	6962	7147	6142	7331
2059	412	6966	6987	4621	1014
2064	2364	6981	7020	750	7331
2065	1987	6986	7038	4185	830
2067	654	6997	7069	6888	3243
2070	1949	7007	7020	1184	7331
2085	1163	7045	7172	4718	3251
2089	82	7056	7126	2221	7331
2100	1745	7096	7230	2759	699
2111	2336	7115	7205	1419	3480
2113	83	7126	7131	7331	3125
2118	1283	7147	7197	7331	6563
2121	323	7155	7162	699	5915
2127	596	7166	7264	4718	2221
2130	1164	7172	7174	3251	1453
2135	1615	7199	7287	4630	4446
2143	2032	7237	7317	3139	3911
2160	1429	7300	7437	1453	3631
2162	1699	7310	7444	3631	1453
2168	2339	7346	7351	7331	3125
2173	597	7378	7407	2221	86
2181	598	7407	7442	86	3638
2193	1573	7458	7599	4718	2354
2198	1783	7480	7525	960	4377
2205	1524	7507	7563	877	3113
2219	982	7585	7638	6804	4377
2229	544	7633	7719	4196	4513
2230	903	7636	7694	2759	4778
2239	1660	7670	7851	3139	1453
2240	84	7678	7868	3125	2759
2243	272	7700	7734	14	3638
2244	861	7701	7959	6116	4513
2263	655	7793	7869	3243	3631
2267	419	7819	7861	5789	4185
2268	328	7825	7892	4513	3870
2269	1221	7826	7940	5789	3113
2274	2037	7854	7917	3911	4196
2275	546	7857	7904	4196	1453
2282	85	7888	8009	2759	699
2287	1476	7917	7922	7331	3125
2289	1621	7924	8015	4718	2354
2291	1284	7943	8032	6563	7331
2293	829	7968	8054	4513	6849
2300	1390	8001	8005	7331	4888
2301	1099	8025	8111	6849	4513
2305	987	8050	8055	4377	4718
2306	1170	8063	8153	877	4446
2308	2097	8072	8257	669	830
2312	988	8099	8245	4718	877
2314	1100	8119	8380	4513	6116
2320	2340	8158	8313	3125	6849
2323	1990	8208	8300	669	1419
2324	2039	8208	8294	4513	6849
2329	2098	8257	8259	830	5789
2333	712	8286	8297	4621	1070
2334	169	8319	8348	6849	2759
2335	1349	8327	8353	4377	6263
2336	549	8343	8507	3113	830
2339	129	8348	8530	1453	3139
2340	1046	8359	8440	1014	2997
2341	374	8361	8463	4513	4377
2343	2099	8418	8529	5789	3113
2345	1286	8445	8533	1014	2997
2348	1047	8464	8511	2997	3480
2349	713	8474	8500	1070	4010
2350	375	8495	8553	4377	6804
2351	1048	8529	8608	3480	1419
2353	1287	8542	8587	2997	3480
2354	2040	8544	8581	6849	3959
2355	2161	8593	8685	877	4446
2356	1288	8596	8670	3480	669
2357	2041	8597	8657	3959	4513
2358	1430	8600	8698	3631	3113
2359	1289	8673	8818	669	830
2360	2162	8685	8774	4446	7191
2361	1226	8740	8877	1453	3631
2362	656	8750	8884	3631	1453
2363	1431	8903	9005	3113	3631
2364	2042	8953	9012	4513	3959
2365	714	8979	9049	4010	6563
2366	2043	9020	9060	3959	6849
2367	1350	9046	9070	6263	4377
2368	480	9065	9126	3638	4621
2370	1477	9118	9308	3125	2759
2371	990	9135	9182	1453	4196
2372	1101	9141	9399	6116	4513
2373	1662	9185	9291	3911	1453
2376	862	9199	9287	4513	4377
2378	830	9225	9311	6849	4513
2379	863	9287	9292	4377	4718
2384	1663	9308	9414	1453	3911
2385	1478	9328	9449	2759	699
2392	657	9548	9654	1453	3911
2393	2045	9559	9820	4513	6116
2401	783	9682	9819	1014	2993
2404	1811	9768	9962	2759	3125
2405	832	9772	9833	4377	4630
2406	2101	9772	9937	877	4238
2407	1103	9777	9824	4196	1453
2408	864	9813	9837	4718	3012
2409	1391	9816	9904	4888	2997
2410	485	9834	9895	4621	3638
2411	1793	9843	9860	4513	927
2412	2167	9856	9886	4446	960
2413	53	9887	10036	5789	669
2414	1707	9892	9953	4377	4630
2415	1392	9915	9965	2997	3480
2417	1355	9935	9993	4377	6804
2418	2102	9937	9939	4238	4718
2419	1812	9962	9969	3125	1014
2420	1393	9975	10059	3480	699
2421	2341	9984	10021	6849	3959
2422	1104	9990	10059	1453	960
2423	2103	10011	10080	4718	4513
2424	1813	10014	10058	1014	6900
2425	1172	10022	10080	4513	1419
2426	1479	10035	10080	699	2759
2427	2342	10037	10080	3959	4513
2428	1227	10040	10080	3631	3113
2429	54	10043	10080	669	1419
