Costs	Duraton	Task_1	Task_2	Task_3	Task_4	Task_5	Task_6	Task_7	Task_8	Task_9	Task_10
1	470	2560	2561	2562	2563
1	462	2511	2512	18	19	20	21
1	462	1362	1363	40	41	42	43
1	462	1372	1373	52	53	54	55
1	435	3470	1586	3282	3283	553
1	446	2785	2786	2351	2352	2353
1	479	67	1706	1707	2937
1	458	1921	3426	435	436	3427	3428
1	373	2015	2176	244	1414
1	479	1933	1934	2594	654	655	656
1	373	2953	1729	2188	793
1	458	1855	1856	162	163
1	460	1463	1464	2452	2453	3123	365
1	466	809	2484	2314
1	433	1580	1581	1582
1	443	421	422	3036	1964	819	820	705
1	377	3173	3174	425
1	398	1920	1451	913	914
1	377	294	295	2816
1	377	2954	2955	2956
1	367	2957	1734	2286	2194	2600
1	398	994	2289	2290	2291
1	398	945	113	114	115
1	374	3018	3019	2415
1	400	2875	2876	2060
1	373	82	2811	2812
1	401	1531	1532	1533	1534	1535	1536	1537
1	421	1551	1552	663
1	373	2602	2837	2838
1	401	2602	2603	2604	2605	2606	2607	2608
1	401	679	680	681	682	683	684	685
1	454	3158	2310	2371
1	463	137	138	139	140	141
1	444	3587	3588	3589	3378	3379	3380
1	463	3383	3384	3385	3386	3387
1	463	3052	3053	3054	3055	3056
1	444	3054	3055	3056	891	3154	3155
1	477	699	3519	851
1	419	2329	2330	2331	772	773
1	471	3555	3556	2914	2915	2611
1	456	1262	1263	1264	2252	2253
1	456	939	2204	2205	1488	741
1	376	1136	1137	229	230	231
1	454	3072	3073	3074	3075	3076	3077	3078
1	362	374	375	304	2343	2344
1	454	374	375	376	377	378	379	380
1	421	2132	2133	2134	2135	535	536	1158	1159
1	454	2204	2205	451	452	453	454	455
1	455	3609	3610	3611	3612	3613	3614	3615
1	369	3275	3276	2041
1	445	2635	2636	2637	2638	2639
1	425	225	226	227	228	229	230	278
1	477	497	498	499	500	1826
1	380	2970	2971	2972	2973
1	430	2974	2975	2976	404	405	406	407
1	446	2935	2936	2433	2434	1965	1966	1967
1	438	762	763	764	1966	1967
1	470	1769	1969	1146	769
1	447	2405	2406	2407	3271	3272
1	432	474	3347	3111
1	456	3033	3356	2432	2433	2434
1	434	2668	2669	2670	2772	2186	1839	1840
1	478	3572	3573	3574	3575
1	478	286	287	288	289
1	438	777	1465	1466
1	380	3558	3212	3213
1	379	3270	2697	2698
1	418	2699	1073	1074
1	443	2410	2411	2412	2413	2414
1	420	1957	1958	1959	3286	3287	3288	3289
1	466	2391	3429	2271	2272
1	419	2958	2959	2960	2961	2781	2782	2783
1	469	795	796	797	1851	1852	1853
1	466	2790	1248	3560	3561
1	480	1913	1914	904	72	73	74	75	76	3530
1	413	2397	2398	3046	2680
1	463	2756	2757
1	432	2375	2376	2377	2378	1141	3578
1	463	2760	2761
1	463	1608	1609
1	463	298	299
1	463	1890	1891
1	463	1988	1989
1	471	138	139	140	141	142	143	980
1	409	981	982	983	1928
1	395	1929	3590	3591	988
1	409	989	990	991	3315
1	395	3316	3388	3389	1945
1	479	3217	3218	1216	1217
1	382	1217	1626	1627
1	476	319	320	321	2855	2856	1078
1	500	3	4	177	178	179	180
1	590	211	44	45	46
1	530	1383	58	59	2557	2558	2559
1	530	2562	2563	2564	2565	2566	2567
1	582	2497	1389	2499	2500	1390	175
1	552	172	2498	2499	2500	174	175
1	582	182	183	2509	2510	184	185
1	492	16	17	188	189	190	191
1	582	192	193	1350	1351	194	195
1	492	1348	1349	1350	1351	2521	2522
1	492	2523	2524	198	199	200	201
1	582	202	203	1360	1361	204	205
1	582	1358	1359	1360	1361	36	2534
1	492	38	39	208	209	210	211
1	582	212	213	1370	1371	214	215
1	492	50	51	218	219	220	221
1	582	3043	439	3431	3432	3433	3434
1	582	3045	3046	1479	1480	1481	2681
1	500	3345	3346	1867
1	587	2656	2657	2658	2659	2660	2178
1	549	2179	2180	1197	2274	2275	2823
1	587	2824	2825	2826	2393	2394	2395	2597
1	587	101	102	103	2472	997	2353
1	486	1440	1441	1072	1952	1953
1	587	3507	3508	1253	1254	1255
1	595	66	555	556	557	2574	627
1	537	2160	2161	2162	1711	1712
1	541	2442	2443	2444	2938
1	587	1715	1716	912	1600	1601	2942
1	596	2446	2587	2588	3369	1190	1191	2882	2883	2884	2885	2886
1	541	647	648	649	650	2182
1	568	1529	1530	2769	2770	2771
1	524	2673	2674	2675	1049	1050
1	571	2595	2596	2597	2598	2599
1	560	2296	2297	2298	3264	3265	3266	3267	2693
1	568	677	678	2617	2618	2619
1	579	553	554	3284	3170	3171
1	594	3284	3285	3286	2430	2431	3172	3037
1	560	581	582	651	652
1	560	1784	1785	2289	1854
1	537	1005	1006	690	691	692	2313	2710
1	518	237	1179	1180
1	518	1194	248	249
1	586	785	786	787	788
1	598	3200	836	837	838	839
1	594	2903	3133	3134
1	550	3495	3496	3497	3498
1	586	847	3102	3103	3104
1	507	1324	123	124	125
1	494	1999	2000	2001	2241	2242
1	598	632	633	634	635	908	909	910	911
1	518	2877	2445	1520	1521	1722
1	538	1720	2448	2449	2450	2451
1	494	1923	362	363
1	598	778	779	780	781	782	783	366	367
1	538	2891	3544	3306	3307	3308	3309
1	495	1932	1933	2774	2827
1	538	2462	2463	3310	3311	2284
1	539	1299	1300	1739	1056	1057	2966	1792	1793	2842
1	588	877	1557	1558	1559	1560
1	590	2360	1950	118
1	538	2700	2307	2308	2309	2310
1	528	1710	2163	2164	2165	2807	2873	2874
1	531	3238	3239	3240	2943	2944
1	596	2813	917	359	3371	3372
1	528	1924	1666	1667	1668	1669	1670
1	549	3373	3374	3375	3376
1	565	2889	2890	2891	2892	2893	2894
1	522	2911	665	104	105	106
1	549	886	887	888	889
1	507	2361	2849	2850	2979	3157
1	561	958	3159	3514
1	490	3523	3524	3576	856	857
1	521	2870	136	2166	2167
1	521	87	3584	982	983
1	521	3381	3382	990	991
1	600	2085	2086	2087	2088	2089	679	3057	3058
1	537	88	89	90	3079	2767
1	537	1612	1613	1614	2345	873
1	537	2611	2612	2613	2614	2615
1	551	3216	2218	2219	1625	2975	1493	2977	2978
1	582	1138	1086	1087	1645	1646
1	524	3178	3179	3180
1	599	3181	3182	3183	1273
1	582	1044	1045	521
1	599	1617	2080	448	449
1	574	1118	1119	449
1	507	742	743	744
1	488	745	746	747	609	2851
1	586	1265	1266	1267	2255	2256
1	530	2257	1032	1033	1034	1035	1036	1773	1774
1	598	1974	1975	1976	1824	1825	3071
1	598	2020	2021	2022	2069	3431	3432	720	721
1	544	511	512	513	514	3081	3082	3083	3084
1	598	722	723	724	725	1287	154
1	544	381	382	383	384	3448	3449	3450	3451
1	530	383	736	737	738	1211	1212
1	598	1488	1489	1490	1435	2919	2920	3607	3608
1	571	456	457	458	459	460	461	462	2975	2976
1	507	746	747	609	2037	2038
1	589	1494	1495	3277
1	595	279	859
1	507	2645	1966	1967	2646	2647	1968
1	597	3476	3477	2383	2384	3300
1	593	508	509	3076	3077	3078	91	92	93
1	538	2721	1200	1148	1149	300
1	595	925	1207
1	498	731	732	307	308
1	482	1114	1115	1116	1117	3449	3450	1428
1	493	395	396	541	542
1	562	1491	1492	1493	404	405	406	407
1	597	410	411	412	470
1	493	1632	1633	3464	3465
1	498	1634	1635	330	331	332	333
1	597	1636	1637	414	3568
1	588	335	336	337	272	893
1	590	338	893	3064	1258
1	591	894	3471	813	814	1259	1260
1	481	1017	1018	232	1966	1967
1	586	233	234	235	565	566	567	568	3360
1	556	765	766	2646	821	3040	3041	2115
1	537	1970	1971	3361	3067	3068	3069
1	527	861	862	863	864	506
1	586	2266	2267	2268	2269	2270	3430
1	590	437	438	439	1832	2273	1198
1	564	507	2069	2070	2071
1	561	922	1040	3483	3305
1	527	3545	3546	1289	1290	1476
1	586	3086	3087	3088	1782	1733	795
1	576	1842	1843	1844	1845	1477	1478
1	590	1846	1847	3046	3599	3600	3601
1	560	3047	3048	2347	2348
1	586	1161	1162	1163	2300	3327	3328	3329	3330
1	518	313	314	2919	2920
1	591	3331	1859	267	268	269	1002	1003
1	524	267	268	269	544	1861	1862
1	484	1495	1496	1497
1	536	413	3464	3566	2927	2928
1	566	2929	2930	2753	2754	414
1	589	619	2569	2570	2571	2572
1	578	1955	3350	3351	3352	3353	3354
1	527	2110	2111	628	629	630
1	588	3525	3526	1878	1879	1880
1	575	631	632	1510	1511	1512
1	532	1919	1717	1718
1	523	1513	912	913	914	915	916
1	544	290	291	292	2814	2815
1	522	1719	2016	1722	1723	1724
1	546	2175	359	360	361	362
1	532	2951	368	369
1	503	3595	3596	2830	2831	2832
1	588	3595	2900	3442	3443	3444
1	521	3312	3313	3314	990	991	992	1295	1296	1297
1	580	2833	2834	2835	2199
1	546	2471	2295	2689	2690	2691
1	532	944	2408	2409
1	480	2433	2434	2435	2436	1916	426
1	524	2249	1966	1967	2646	821	3359
1	569	427	3297	2652	2653
1	599	569	2651	2652	2653	2654	2655	2656	2657
1	524	2775	1842	1843	1844	259	794
1	533	999	1000	264	2919	2920	2921
1	584	2968	2919	2920	2921	3332	3333
1	583	2322	2374
1	558	1645	1021	1022	1089	1090
1	583	2714	1092
1	598	1093	1094	1272	503	504	505	865	866	2947	2067
1	554	504	505	3185	716	717
1	583	1886	1981
1	583	1984	2029
1	600	872	2346	3552	3553
1	589	3554	1431	601	602
1	529	448	2202	2203	940	941	2916
1	502	1430	1431	1432	2140	2141
1	534	2032	2033	2034	2035
1	496	1123	1124	1125	747
1	558	609	610	611	2226	2227
1	593	2857	2858	324	325	2150	2151	1899	1900
1	492	2150	2151	2859	1809	1995	1996
1	589	968	969	970	971	972	973
1	482	3391	3392	3146
1	513	2864	2865	973	974	975	976
1	573	708	709	710	711	712	713
1	573	928	929	930	931	932	933
1	573	3148	3149	3150	3151	3152	3153
1	579	1644	2377	2378	2379	2380
1	589	2381	428	429	430
1	589	921	440	441	442
1	528	443	444	2073	2074	2075
1	589	2076	3047	3048	2347
1	589	2981	546	2149	324	325	2150	2151	3023
1	566	2149	324	325	2150	2151	3023	3024	3025
1	589	3280	2629	2630	752
1	547	340	341	342	343	344	345
1	592	486	487	488	277	1018	1139	1140
1	553	1022	1023	1650	1651	1652	1653	1654	1655	1656
1	524	1657	1658	1659	1660	1661	2263
1	571	2259	2260	2261	1825	862	863	1605
1	577	2264	2265	2018	2019	1275	1276	1277	1278	1279	1280
1	544	1281	1282	1283	1284	1285	1286
1	575	515	516	517	518	519	520	1204
1	568	1287	1288	3085	302	303	523	524
1	592	532	533	534	388	389	390	391
1	575	385	386	387	2136	2137	2138	1430	1431
1	577	1159	1160	1486	1487	2206	2207	2208	2209	2210	2211
1	544	2212	2213	2214	2215	2216	2217
1	569	1405	1406	1407	1408
1	506	2372	2373
1	497	2757	854
1	498	2323	2324	2325	2326
1	498	2327	2328	1269	1270
1	498	2715	2762	2763	2764
1	506	1885	1980
1	497	1609	870
1	498	1887	1470	1471	1982
1	496	3551	3049
1	497	1891	1892
1	498	1985	1153	1154	2030
1	496	3456	1990
1	498	2143	2144	2145	2146
1	509	1895	1896	2857	2858	1897
1	465	1255	2924
1	458	2392	2393	1840	1841	1844	259
1	461	2913	107	108
1	431	2168	2169	83	84	85	86
1	463	3585	3586	3587	3588	3589
1	451	984	985	986	987
1	438	3317	3318	2292	2609
1	466	2063	2064	2065	2066	2948
1	475	3274	2039	2040
1	476	3275	1077	3463	615
1	445	2635	892	2638	2639
1	416	2078	799	1427	1428
1	449	1586	1587	1588	3064
1	450	3415	3293	3294	3295
1	413	3294	3066	3296	1146
1	458	1819	1820	1821	1822
1	458	2334	2335	2336	2023
1	381	525	526	527	528	529	530	531
1	457	380	1615	1616	737
1	590	1	2	173	2501
1	530	11	12	13	184
1	590	2518	2519	2520	1352
1	560	33	34	35	2533
1	492	1368	47	48	49
1	587	3288	3289	3290	3291	3292	3416
1	549	2354	2355	2356	2357	2358	1252
1	579	1555	1303	1304	1305	1744	1307	1162
1	591	1322	2706	2707	2708	2709	2417	1326
1	544	1400	1504	3116	3117	1177	1178	636
1	560	1838	2187	1730	1544	1545	1546	1547
1	541	1958	1959	1960	2159	70
1	598	2581	1402	1403	1404	1405
1	559	1181	1182	1183	1184	1185	1186	1187	1459
1	598	2881	1234	1235	1236	1237
1	586	1238	828	829	830
1	559	250	251	252	2185	2773	1681	834
1	559	3135	3136	3137	2965	1791	667	668
1	598	1747	1748	1749	1750	1751
1	559	3009	3010	3011	3012	3013	3014	3015	2702
1	583	1758	1759	1760	1761	1762
1	517	1455	1456	1457	1721	1522	1523	246	247
1	574	255	256	1680	258	3439	2901	2902	2903
1	539	3493	660	661	1787	1788	1789
1	573	2817	2818	2819	2820	1832	1833	2458
1	598	2198	2839	2840	2841	2842
1	550	109	110	111	2356	2357	2358	2359
1	585	2293	3393	885
1	574	2610	3051	2846	1065	1066
1	521	3224	849	850	851	852
1	551	1083	1084	1085	1019	1020
1	521	1142	2871	2872	1881	1882
1	521	1292	1293	1294	3445	3446
1	521	941	942	943	3214	3215
1	530	2257	2258	2330	2331	2332	1773	1774
1	530	513	1043	3486	3487	3488	3489
1	594	3452	3453	1434	2403
1	554	2321	3226	3227	3228	3229
1	536	2640	2641	2642	2643	2644
1	498	3476	3477	351	352
1	550	1969	1146	769	770	771
1	595	3480	2947	2067	3481
1	573	2069	2070	1147	1201
1	595	301	2776	2777	2778	306
1	573	1478	2680	445	2400
1	570	1623	1624	1625	463	464	406	407
1	579	1256	1257	129	811	812
1	561	130	2932	2933	2934
1	560	620	1642	1643	761
1	579	767	768	3296	1595	1596
1	526	3070	1274	2020	2021
1	537	3431	3432	3433	1147	1148	152
1	526	153	522	304	305
1	561	2077	733	734	309
1	524	798	799	2729	2730	2731
1	551	800	1482	1483	1484	1485
1	573	446	447	1157	1158	161
1	579	1857	1858	2968	1250	1437
1	561	2969	397	398	543
1	522	3273	2852	1219
1	499	1004	2625	545
1	579	1863	1864	545	468	469
1	590	2793	2794	2795	2626
1	591	2230	2231	2232	2628
1	591	472	473	415	416
1	519	2236	3468	3469	475	476
1	555	2279	1540	1683	1684	1685
1	572	2294	2843	2844	2845	1947
1	516	1064	1065	1066	1067	1068	1069
1	546	3360	2010	2011	2012	2013
1	512	1426	2349	2350	2787	2788	2789
1	553	2483	2625	545	1498
1	593	134	135	856	3174	3175	1143
1	589	1272	3184	1606	1607
1	593	773	774	775	295	296	297
1	592	1472	1473	1150	1206
1	598	1472	1473	1474	1475	1291	156
1	558	1203	1204	1109	1110
1	593	1203	1046	1047	1048	2676	2677
1	592	1155	1156	2139	1433
1	586	3457	3458	3459	3460	3461	3462
1	545	609	610	1218	2853	2854
1	482	3593	3594	3312
1	595	1537	1538	1539	2828	2829	3597
1	595	685	686	2362	3511	3512	3513
1	574	431	432	433	434	920
1	550	2220	2221	2222	2223	2224	2225	612
1	575	274	275	276	489	490	491	1021
1	586	1409	1410	1234
1	569	839	840	1241	1242
1	586	1243	1244	1748
1	508	1628	1629	1630	1631	1807	616
1	506	2713	1091
1	496	3581	1884
1	497	2761	3582
1	496	869	1610
1	506	1983	2028
1	506	1893	2032
1	498	2031	1123
1	513	1817	2643	2644	2645	2250	2251	1648
1	500	2988	174	175	2989
1	555	3491	3492	3094
1	470	1333	1334	1335	1336	1337	1338
1	470	1343	1344	1345	1346	1347	2517
1	470	27	28	29	30	31	32
1	470	2534	2535	2536	2537	2538	2539
1	470	2544	2545	2546	2547	2548	1378
1	432	176	1335	8	181
1	461	2939	2940	573	574	577	578	579
1	427	594	595	596	597	3499	3500
1	471	2800	2801	2802	2803	2804	2805
1	526	1329	1330	1331	1332
1	530	5	6	7	8	9	10
1	586	1339	1340	1341	14	15	16
1	526	23	24	25	26
1	530	2524	2525	2526	2527	2528	2529
1	586	2530	2531	2532	36	37	38
1	526	2540	2541	2542	2543
1	562	2887	2888	1671	1672	1673
1	562	3267	3268	2090	2091	2092
1	554	557	558	559	560	561	2576	2577	2578	2437
1	562	952	1320	955	1322	2747	689	690
1	517	1396	1397	69	70	71	72	906	907
1	566	2686	2687	668	669	3099	3100	842	843
1	597	2704	2705	2747	2748	2311	2485	2486	2487
1	595	2897	2898	2899	2282	2283	1686
1	550	2285	1735	2287	2906	2907	2908	2909
1	573	1550	875	876
1	595	2841	2842	1061	1062	1063	2692
1	585	2895	2896	1540	1939	1940
1	565	3269	1070	116
1	491	3237	2061	2062
1	574	501	502	1273
1	490	733	734	735	736	1428
1	561	2382	1029	1030	353
1	567	1199	1200	2338	301
1	485	466	809	3340	3341
1	565	423	424	284	285
1	572	2294	3144	3145	3146	2083	2084	1947
1	509	2664	2665	2666	1199	1200	2072
1	558	134	1087	1088	1023	1024	1025
1	584	2947	2948	2949	2950	1467	1468	1469
1	556	810	1589	760
1	509	1215	3219	3105	3106
1	560	2502	2503	2504	2505	2506	10
1	546	2437	2438	2439	2440	236	237	636	1714
1	541	2268	1193	2455	2456	2457
1	596	1934	1935	1936	1780	1781	1548
1	593	3357	3358	234	235	565	2442
1	537	234	235	1509	1713	1449	1450
1	593	995	1745	1746	2298	2299	3326	2301
1	554	2940	3534	3535	1186	1187	1188	1189
1	596	1542	1543	1731	3089	3090	2904	1736	1737	1738
1	582	2905	2288	1786	1787	1301	1302
1	493	3142	667	2688	884	1561	1562
1	585	1191	1192	646	2887	364	365	784
1	564	1057	2966	2967	2473	2474	672	673
1	572	1514	1515	1516	1517	1518	3424	3425	1922
1	585	117	1951	2363	3017	957
1	537	3176	3177	2254	1268	3236
1	499	1298	2910	2293
1	599	1869	1870	1871	1872	1398	1399	1400	1401	2582
1	427	3531	3532	3533	2941	1602	3243	3536
1	560	2512	2513	2514	2515	2516	22
1	560	1363	1364	1365	1366	1367	44
1	591	2112	2247	2248	1708	3526	3527	2441
1	557	2183	2184	253	1676	1677	1678	2593	1682
1	541	3395	1164	1165	844	845	2695
1	593	653	1541	1732	1783
1	599	3403	3404	3405	3406	1576	3408	1005	1006
1	553	2740	1314	1315	1316	1317	1318	1319	2704
1	599	2459	2460	2461	2280	2281
1	510	666	3207	3208	3209	3210	3211
1	500	2276	2277	2278	2461	2897
1	578	2036	1126	1992	1993	1075	1076	1077
1	599	3202	3203	3204	3205	3322	3323	802
1	427	1102	1103	1104	3193	3194	3253	3254
1	560	1353	1354	1355	1356	1357	2529
1	560	1373	1374	1375	1376	1377	56
1	591	878	879	880	3324	3325	3326
1	538	912	2654	354	355	356	357	358
1	472	1834	1835	1676	1677	3195	3196	3197
1	496	2304	2305	2306	2701	3016	2624
1	548	1393	1394	1395	1704	1705	1399	2580
1	593	831	832	833	834	835	589	590	3441	1051	1052
1	571	669	3099	3100	3101	843	1166	1566
1	599	2583	2584	2585	2586	2447	1458	2880	2881	2589
1	560	2364	2365	2366	2367	2368	3338	2370	2416
10	690	1369	1694	1695	1696
10	699	2993	1231	1232	1233	1461
10	703	2533	2534	3258	3259	3260	3261
10	639	63	64	65	1699	1700	1701
10	704	3414	129	620	1642	2712
10	706	3509	2792	466	809	3409	3410
10	661	80	81	82	142	143	144	145
10	716	2312	693	694	2420	2421	2422	2423
10	673	1415	1416	1417	3126	3127	3128	3129	3130
10	664	1308	1309	1310	1752	1753	1754	1755	1756	1757
10	707	1007	1008	1325	1326	1327	1328
10	719	2703	3106	3107	3108	171
10	646	126	1583	1584	1585
10	601	2104	2105	2106	2107	2108	2109
10	713	1956	1588	3228	3229	1016
10	710	2749	2750	2751	2752
10	609	2097	2098	2099	2100	2101	2102	2103
10	676	147	148	149	150	151
10	635	2466	1943	1944	3390
10	594	749	750	751	2631
10	679	2201	393	3454	3455
10	308	2632	2633	2047
10	440	2317	2318	2319	2320	1813	1814	1815	1816
10	692	3223	3224	3225	3226	621
10	684	3301	1828	1829	1830
10	662	923	924	2723	3488	3489	3490
10	719	1202	926	927	3314
10	611	158	159	160	392
10	630	1210	1211	1212	1213	1214
10	616	2734	2735	2736	2737	2738	2739
10	649	615	1808	1809	1810
10	572	2983	2984	2985	3411
10	690	1818	1819	1820	1821	860
10	670	1037	508	509	510	3079	2767	2768	3377	3592
10	699	3472	133	280	281	282	283
10	646	2627	2233	1997
10	432	474	3347	3348
10	610	2429	2430	625	626	2575	1765	1766
10	698	2238	2239	2240	2002	1699	1700	1701
10	713	2155	3521	3522	975
10	374	959	960	961	962	963
10	702	3562	3563	1860	2922	2923
10	233	2049	2050	2051	2052
10	459	801	3262	3263	3398
10	700	3334	3335	3336	3337
10	635	1865	550	551	552
10	698	718	719	3431	2722	94
10	706	394	1435	1436	1251
10	633	2142	2143	1894
10	662	1901	1902	1903	1904	1905
10	611	1946	1947	1948	2847	2848
10	706	3570	3571	3520	3521	3522	975
10	652	977	978	2809	2810
10	699	3598	98	99	100
10	641	1949	3155	3156	1127
10	497	3160	3161	3162	3163
10	718	713	714	715	1095	1096	1097
10	532	2235	2236	1640	1641
10	705	396	1799	1800	1801
10	715	345	346	347	348	349	3474	3475
10	707	726	727	728	729	2340	2341	2342
10	679	402	403	3616	3617	3618	3619
10	527	1055	598	599	600
10	242	964	965	966	967
10	669	607	608	748
10	670	1767	1768	2648	2649	2650	570	571	572
10	701	855	856	857	858	3579
10	609	3583	775	776	1925	1926	1927
10	700	1611	1047	1941	1942
10	693	2143	317	1991	2980
10	654	2147	2148	547	3342	3343
10	686	2717	2718	2719	2720	1040	1041	1042
10	710	1987	603	604	605	606
10	688	323	326	327	328	329	3466
10	591	1131	1132	1133	1134	1135	1136
10	705	3186	3187	3188	3189	3190	3191	3192
10	689	536	537	538	539	540	740
10	696	454	455	2614	2615	2616	890	3059	3060
10	655	1772	1773	1774	1775	1776
10	605	2006	2007	2008	2009	1972	1973
10	651	3580	3581	2716
10	491	3110	3413	2797
10	697	1224	1225	1226	1227	1228
10	717	1175	1176
10	605	1446	1447	1448	637	638	639	640
10	672	1500	1501
10	575	1387	1388
10	694	2987	3029	3030	3031	3032	623	624
10	644	2991	2055	2056	2057	2058	2059
10	641	2995	3539	3540	3541	3542	3543
1	586	57	222	223	2553	2554	2555
1	530	2556	60	61	62
1	582	128	3063	3064	895
1	593	1442	1443	1005	1006	2369	3339
1	594	2244	2245	2246	2113	2114	3038	905
1	596	2243	419	420	2111	68	1873	562
1	554	3034	3035	2158	704	705
1	495	1071	2791	3510
1	587	408	409	1803	411
1	582	1597	1598	1599	2014	2015	2016	2017
1	584	1963	2436	1916	1917	1918
1	588	1563	1564	1565	111	112	946	947
1	599	1567	1568	1569	1570	1571	1572	1573
1	582	2480	2481	2482	3510	119	120	121	122
1	571	1460	3244	3245	827	3247	1195	2454
1	563	2620	951	3220	953	954	1321	956	688
1	574	3140	3141	3206	3143	3394	3395	3396	3397
1	599	2590	2591	2592	1679	257	3198	3199	3200	3201
10	717	2520	2997	1421
10	702	2550	2551	2552	1384	1385	1386
10	611	3417	3418	3419	1230	2994
10	692	3344	2796	3412
10	495	2797	1499
10	687	1549	1687	2195	1689	1690	1691
10	485	3349	3350	3351	3352	3353
10	664	417	418	2241	2050	2990
10	696	1906	1907	1908	1909
10	615	238	239	240
10	354	695	696	697	698
10	548	1811	1812	273
10	405	1128	1129
10	267	2045	2046	2634
10	710	3473	350
10	673	1038	1039	3482	2024
10	710	2339	730
10	710	2401	2402
10	714	1012	2639	759	1590	227	228	1085
10	703	1592	1593	1594	1146	3042
10	690	2333	1039	2337
10	703	95	96	97	2680	262
10	703	739	2403	2404	3331	168
10	660	550	753	754
10	463	2493	2494	2495	2496
10	716	3298	3299	2385	2386	2387	2388	2389
10	714	3044	2396
10	720	3436	3437	3438	3439	3440	591	592	593
10	368	2798	2799
10	706	2068	2069	2123	2822
10	717	2806	2807	2808	979
10	711	2169	2170	2171	2172	2173	2174	293	918	919
10	124	3518	700
10	681	146	1930	1931
10	564	3514	3515	1994	1995	2860
10	519	3160	3161	3516	3517
10	705	3477	3478	3479	1827
10	693	1823	1824	2262	1662	1663	1664	1665	1725
10	163	2861	2862
10	698	3423	1519	243	2177	2661	2662	2663
10	711	2711	2758
10	711	871	1986
10	539	3050	3556	3557	3146	3147
10	565	3467	471	2316
10	679	3565	548
10	673	3095	3096	3097	3098	1245	1246
10	706	3112	3113	3114	1874	563	564
10	717	3120	3121	3122	1196	3124	3125	785	1239
10	443	3131	3132	1054
10	710	1444	1501
10	667	3118	826
10	718	3027	3028	2988	174	1391	1392
10	452	3000	3001	3002	1240
10	619	1692	3503	3504	3505	3506
1	522	2549	1379	1380	1381	1382	1383
1	591	3241	3242	3243	644	645	646
1	580	2879	3370	1098	1099	1100	1526	1527	1528
1	595	2181	2182	2671	2672
1	558	1674	1675	1836	1837	3252	789	790	791	792
1	599	662	3319	3320	3321	1306
1	593	2878	580	2267	2268	2269	647
1	481	2476	674	675	676	2694	846
1	592	1740	1741	1742	1743	668	669	670	671	2475
1	561	1452	1453	1454	241	242	1520	2388	2389	2390
1	582	2507	2508	1342	1343
1	503	1269	1270	1271	1272
10	677	169	170	2925	2926
10	673	822	823	824	825	3119
10	690	2418	2419	1009	1010	1011
10	472	2315	2236	2237
10	456	1811	2931	339
10	720	3547	3548	3549	3550
10	671	815	816	817	818	819	820	705	706
10	708	370	371	372	373	155	156	157
10	685	1144	1145	2116	2117	2118
10	698	2678	2679	2680	2399	798	2079	1618
10	627	2467	2468	2469	2470	2912	2841	1794	2732	2733
10	717	933	934	935	936	937	938	450
10	681	1079	1080	1081	1082	853
10	626	1977	1978	1979	2766	3080
10	626	2025	2026	2027	872	3447
10	717	613	614	615	2042	2043	2044
10	711	2765	2766	1469	1888
10	686	2759	1026	1027	1028	1031
10	682	3302	3303	3304	3484	3485
10	676	2126	2127	2128	2129	2130	2131	2132	2133
10	697	3603	3604	3605	3606	1438	1439
10	671	1209	1429	2081	2082
1	585	1688	2196	2197	1553	1554	1555	1556
1	570	2093	948	949	950	2621	2622	2623
1	594	1835	254	1837	3252	789	1937	1938	2189
1	573	3559	1249	2405	2406	2696
1	483	992	993	2601	2836
1	541	2301	2302	2303	946
1	535	1910	3115	1505	1506	1507	1508
1	597	1572	1573	805	806	807	808	2745	2746	1323
1	597	589	590	2190	2191	2192	2193	1736	3093
10	666	260	261	1848	1849	1850	3602
10	679	164	165	166	167	1001	270	271
10	690	1697	1698	2003	2004	2005
10	696	3248	3249	3250	3251
10	673	1105	1106	1107	1108	1205	1151	1152
10	680	2944	2945	2946	867	868
10	694	1831	2821	2124	2125
10	616	2568	2569	2570	2573
10	624	414	2236	3569
10	703	224	893	894	3065
10	714	1619	1620	1621	1622	399	400	401
10	610	477	478	479	480	481	482	483	484	485
10	657	1229	3420	3421	3422	574	575	576	1603	1604
10	692	1726	1727	1728	2464	2465
10	629	1013	1014	1015	3230	3231
10	501	3232	3233	3234	3235	1883
10	696	1889	1111	1112	1113	1208
10	692	549	1866	3567	3568	334
10	629	1777	1778	1779	3001	3002	3003
10	717	3005	3006	3007	3008	3009	848
1	427	1702	1703	1763	1764	1911	1912
1	580	2579	1915	3527	3528	3529	77	78	79
1	572	1299	1300	1739	3139	1790	1058	1059	1060
1	534	131	132	1591	2643	2644
10	695	996	997	998	999	263	2968	315	316
10	662	3164	3165	3166	3167	3168	3169
10	710	2952	583	3434	3435	584	585	586	587	588
10	720	2779	2780	2781	2782	2962	2963	2964	3138
10	661	2982	615	3278	3279
10	716	3399	3400	3401	3402	2094	2095	2096	1993	687
10	685	2234	3026	3281
10	705	1637	1638	1639	2755
10	636	755	756	757	758	131
10	576	1802	1803	1804	1805	1806	1807	616	617
10	697	2119	2120	2121	2122	2667	2668
10	676	1502	1503	3115	1875	1876	1877
10	674	803	804	1574	1575	3407	1577	1578	1579	3221	3222
10	706	3537	3538	2996	196	197
10	623	3255	3256	1423	1424	1425	2784
1	584	321	322	1898	2152
10	698	1564	1565	1167	1168	1169	1170	1171	1172	1173	1174
10	696	2477	2478	2479	2480
10	690	2724	2725	2726	2727	2728
10	633	701	702	703	1709	707
10	690	465	466	467	1220	1221	1222
10	667	641	642	643	1461	1462	1524	1525	1101
10	696	3246	3247	3122	1417	1418	1419	1420	2998	2999
10	706	2053	2054	2992	186	187
10	702	1422	3257	206	207
1	400	3355	1961	1962
10	681	896	897	898	899	900	901	902	903	904	3039
10	681	2682	2683	2684	2685	881	882	883	1247
10	697	1311	1312	1313	2741	2742	2743	2744
10	709	310	311	312	1795	1796	1797	1798
10	685	2917	2918	265	266	3564
10	708	2156	2157	3576	3577	492	1647	1648	1649
10	663	2424	2425	2426	2427	2428	812	622
10	706	3501	3502	1693	216	217
10	715	1261	493	494	495	496	1770	1771
10	714	3362	3363	3364	3365	3366	3367	3368	1411	1412	1413	245
10	535	2863	2864	2865	2866	2867	2868	2869
1	491	874	664	2200
10	638	657	658	3092	840	841
10	695	1120	1121	1122	3457
10	668	1053	3091	659	3494	3495	3004
10	704	3020	3021	3022	2150	2153	2154
10	602	318	319	320	321	2228	2229
10	682	2419	2488	2489	2490	2491	2492

MyIndex	Index	StartTime	EndTime	StartStation	EndStation7	
2048	131	227	1014	2993
11	1868	167	273	1014	1823
63	1223	354	442	2221	14
333	1445	1077	1151	1175	1756
3353	3061	7793	7869	3243	3631
3461	3109	8328	8522	2759	3125
3566	3062	9652	9726	3631	3243
3573	127	9682	9819	1014	2993
3577	2986	9768	9962	2759	3125
3579	1998	9770	9827	3631	508
3591	618	9856	9886	4446	960
3612	1954	10035	10080	699	2759
3615	1130	10040	10080	3631	3113
