Costs	Duraton	Task_1	Task_2	Task_3	Task_4	Task_5	Task_6	Task_7	Task_8	Task_9	Task_10
1	407	1161	2232	2233	2071	2119	2120
1	446	1222	1414	2566	2567	2568
1	433	962	963	964
1	400	1722	1295	1296	1297
1	363	2553	2554	1731	30
1	479	842	589	2179	2180	2181	2182
1	470	2312	450	2780	2781
1	415	1264	135	136	137	138	321
1	382	2606	2607	2608	2609	2610	2611	2612	2613	2614
1	448	2695	2696	2697	2698	1900	1901	1902
1	476	1848	2196	2197	2198	2199	1277
1	470	2242	858	2929	2243
1	440	2600	2601	2602	2603	2604
1	431	2548	2549	831	832	833	834
1	463	1115	1116	1117	1118	1119
1	471	109	1870	1871	2544
1	437	2987	2153	2154
1	374	1361	1362	1363
1	471	2642	2643	2644	3020	3021
1	424	1564	1565	2738
1	400	2709	2710	2875
1	401	3014	1120	1121	1122	1123	1124	1125
1	454	436	437	744
1	440	396	2323	2324	2325
1	458	1792	1793	1794	1795
1	555	2885	2886	2839
1	654	2940	2834	2835	2836	2837
1	656	2838	2839	2840	2841	2842	887	888	889	890
1	620	1159	1160	631
1	598	730	1698	1699	1700	1701
1	583	1383	1384	1451	1452	1453
1	700	1751	2808	2809	2810	501	502	212	213	214	215	216
1	711	1718	653	654	655	656	657	1719	2743	1289
1	690	290	2746	472	1147	1148	1575	1576
1	657	471	2747	2748	2749	295	296	297	1021	1578
1	661	1989	1990	1991	1992	1993	1994	1995	1996	1577	1578	1341	300
1	661	2006	2007	2008	2009	2010	2289	2290	1737	1738	1739
1	702	1107	1108	1691	1692	1693	1694	2509
1	720	2457	1053	2186	2187	2188	2189	2190	2191
1	549	577	578	579	580	581	3001	1408	1409	1410
1	685	2569	2570	2571	2870	2871	2872	2873	2305
1	642	1496	1497	1498	1072	1073	1965
1	619	2666	2667	2668	2669	1965
1	615	1278	1279	1280
1	615	2887	2888	2889
1	615	2500	121	122
1	650	1884	1885	1886	1887	76	2007	2008	1890	1735	1736
1	689	2291	2506	2862
1	663	846	847	2297	1049	1050	1051	1052	2458	1365	489	490
1	615	2806	2807	2808
1	606	491	492	493	494	495	496	497	498	499	500	2462	2463
1	655	2778	1558	1559	1560	1561
1	560	1188	2485	2992	2744
1	715	1531	1304	2630	2631	572	2799
1	635	1733	1734	2011	2012	195
1	640	2802	2803	635	636	1747	1748
1	655	2867	2868	2869	2870	2871	2872	2873	2874	1234
1	719	1081	1082	3049	1190
1	703	1387	1082	3049	3050
1	524	1189	1190	1191	1144
1	675	1145	1146	473	474	1199	1200	1201	1202
1	703	3051	2900	2391	2392	2998	2999
1	702	418	1306	1637	2965	32	33
1	702	34	1543	1804	1805	1806	1807
1	500	1810	2081	1604
1	689	1070	1071	1384	1451	1558	1385	1386
1	629	2900	1625	1626	1627	2903
1	629	2997	2391	2392	2998	1788	1305
1	661	3077	3078	1909	1910	1911	1912
1	667	1597	1598	1599	1600	1601
1	499	868	869	870	100	101	102
1	680	1083	1084	1085	1821	612	613	614	2681
1	702	1391	402	2790	2791	2792	2896	2897
1	716	666	667	668	669	1400	1401	2629
1	695	1925	1926	1927	1928	568	2755	1929	1930
1	573	1628	1629	938	939	940
1	518	1535	1536	2961	2962	2963
1	561	781	1539	1540	1541
1	700	1268	1269	2512	2513	145
1	680	3085	3086	1137	1377
1	519	3089	2140	1495	1607	1608
1	641	2371	2372	2373	2374	3047	3048	58
1	704	62	561	562	563	1825
1	524	1826	670	671
1	582	997	998	2412	2413
1	507	2417	429	430
1	488	431	1487	1488	2526	1372
1	618	812	333	334	335	336	337	338
1	669	335	336	393	394	395	396	397	398
1	651	399	400	401	1392	1393
1	717	406	407	408	409	410	2391	2392	2393	2394
1	598	2395	2396	2397	1470	626	1932
1	657	1633	1634	1836	1685	1686	1687	908	909
1	673	910	911	912	1266	1267	81	82
1	669	83	84	85	86	87	88	89
1	534	2424	2425	2426	2427
1	656	332	3043	3044	3045	3046	932	933
1	710	1085	1821	612	613	818	819	820	821
1	586	2430	615	2790	2791	563	564
1	558	616	404	405	1394	1395	350	351	352
1	616	565	566	519
1	720	1674	1928	936	937
1	558	1630	1833	1834	2960	2961
1	656	1630	1631	1632	1933	1934	1935	1936	2758	2759	2760
1	664	1937	1938	1939	1940	1941	1942
1	703	359	1840
1	534	2761	2762	1943	1944
1	702	1943	1944	1945	2702	2123	2124
1	703	1844	2420
1	707	3074	3075	36	37	38	39	40
1	703	2639	2640
1	697	2421	1847	1848
1	703	44	45	154	155	2473	2474	2533	2201
1	612	154	155	2473	2474	2475	1013	2590	2591
1	689	1491	1492	2363	1494	3030	3031
1	692	2615	2616	2617	2618	2619
1	685	1658	1659	1660	1246	1247	644	645
1	536	1248	1249	1250	647	648
1	649	2322	339	2269	2270	2271	1389	1619
1	695	556	557	344	2432	2433
1	608	987	988	989	990	991	992	1679	1680
1	664	2335	1635
1	699	1681	778	779	780	781
1	633	784	1799	1800	1801	1802
1	643	1798	1799	1800	2703	2024	2025	425
1	683	1907	1908	1909	1647	1648	1649	1955
1	627	786	787	788	789	3082	433	2527	2528
1	673	1547	1548	1549	1550	1237	1238
1	719	2529	2530	1849	3086	1242
1	671	2132	3025	3086	3087
1	509	1275	1276	2531	2532	2200
1	506	388	930
1	498	2425	2426	2427	2428
1	506	609	816
1	506	1673	1260
1	617	567	568	2755	520
1	498	354	355	356	357
1	626	358	1839
1	498	360	2763
1	546	2638	2765	2419
1	618	2764	325
1	657	1662	1663	1664	1665	1666	1667
1	657	2618	978	979	980	981	982
1	483	2380	2381	2382	617
1	553	2330	2331	2332	2683	2684	2685	2686
1	550	618	619	620	621	622
1	682	2687	2688	2689	2690	2691	939
1	575	623	624	625	1471	1472	1473	1833
1	674	1001	1002	1003	1004	1005	1006	1007	1008	788
1	710	2252	2253	2651	2652	2254	746	747	748
1	560	2653	746	747	2211	2212	2213
1	710	749	750	751	2482
1	710	2481	2213	2214	2215
1	710	2843	2844	65	2950
1	680	2228	2229	2230	2066	2067	2068	2069	2070
1	680	2234	2235	2967	2968
1	650	857	544	2240	2241	1322	2928
1	710	2927	1321	545	858	859	546
1	650	2244	2245	2246	2247	2248	2249
1	530	2246	2247	2248	2249	2250	2251
1	702	856	543	544	2240	2241	1322
1	629	2388	2389	2390	2391	2392	2437	2902	2277	2278	2279
1	718	1532	416	1534	1682	1683	573	574	575	576	577	578
1	665	390	391	392	3045	1460	1461
1	683	2431	345	346	347	2894	2895	2793
1	599	2303	3078	3079	789	3082	3083
1	665	263	1954	1373	1374	1375	1376
1	537	905	906	907	1688	1689
1	623	2302	2303	2524	2525	2641	2642
1	649	230	231	1919	1920	1868	1869
1	712	232	233	234	235	236	237	238	239
1	626	242	243	244	245
1	521	835	836	2339	2340
1	712	2339	2340	2341	2342	2343	1109	1110	1111	1112
1	521	1113	1114	1228	1229
1	641	1232	1233	2770	2192	2193	2194
1	589	2545	2546	2547	825	826	827	828	829	830	244
1	611	1977	1978	231	232	233	110	111
1	523	2155	2156	2157	2158	2159	2160
1	714	112	113	2745	1524	1525
1	557	2161	2162	2163	2164	2165
1	662	1339	1340	301	302	303
1	680	898	899	900	1208
1	512	2166	1207	2003
1	697	2004	2005	1212	1213	1214	1215	1216
1	607	904	192	193	2342	2343	2344
1	716	1692	1693	2510	1223	1224
1	588	529	530	2298	2299	2300
1	540	1429	1430	641	148	149	1126
1	588	1127	1128	2467	2468	2469
1	598	2095	2096	461	462	463	464	465	466
1	654	467	468	1089	1090	1091	1523	2746	472
1	618	2387	1299	1300	1301	1302	1204	1205	1206
1	701	3063	3064	2339	2340	2341	2342	2343	2344	2345
1	552	2013	2014	2015	2016	2017	2018
1	573	366	485	486	487	488	1056	1057
1	553	2878	1063	1129	217	743
1	560	2025	2026	2027	1543	146	147
1	534	1821	2788	2789	403
1	608	3038	3039	3040	2981	1563
1	716	1457	1458	1459	1460	511	512	513	514
1	716	308	2559	2560	2561	2562	2563
1	706	715	716	717	1740	1741
1	691	1216	1217	1690	2448	2449	2450
1	714	2564	2565	1415	1416	2453
1	619	318	319	320	321	917	918	919
1	709	1742	1743	2022	2023	2704	2705
1	704	364	1225	1226	1227	257	2707	2708
1	671	920	921	922	258	259
1	547	1059	1370	1371	434	435
1	689	2876	1060	1061	737	1758	1759	1760
1	561	1761	329	330
1	513	552	647	648	649	2370	2371	337
1	657	1150	1151	304	305	306	307	308	2909
1	675	2621	2622	2623	2624	661	662	663	348	349	178	179	180
1	575	2139	1379	1380	802
1	573	1979	1980	1981	1982	1983	1984
1	573	591	592	593	594	595	596
1	717	1775	1776	1777	1778	1779	1780
1	679	2276	1582
1	679	2030	1553
1	599	1329	1330	1331	1332	1294	1723	1724	1725	1726
1	446	2368	276	1285	1286	1287
1	427	285	2489	2490	2491	760
1	480	761	16	894	18	19	20	21
1	435	2776	2777	271	272	273
1	462	2231	1350	1351	2118
1	472	2826	2827	2828	1773	1774	1973
1	471	2383	2384	2385	1526	1824
1	714	15	2496	2497	2498	2499	1021	1022
1	700	1023	1024	1025	2053	2054	2055	123	124
1	647	1454	1455	1456	2093	2094	2095	2096
1	633	1996	1997	1530	2052	2053
1	697	2057	2058	2059	2060	2061	1036	1037	1157	1105
1	653	719	720	2068	722	723	724	725	726
1	682	1026	1027	1028	1209	2005
1	711	1892	1893	1894	1895	1307	1308	1309	1310
1	694	582	583	584	585	586	587	588	589	2179	2180
1	587	1411	1412	3003	1744	205	2568
1	641	1020	477	478	1346
1	586	2292	2293	1698
1	586	2077	2078	505	506
1	698	2098	2990	2991	2486	2487	2488	2889
1	661	665	2898	2899	3052	2051
1	641	1531	2168	2169	1732
1	641	79	3002	2800	2801
1	712	1745	1746	637	638	639
1	641	640	2361	2308	2309
1	688	2085	2086	2316	2317	2318
1	696	1925	1926	2795	2796	2797	2798
1	693	2277	2439	2440	2441	2442	777	1682	1683
1	684	1684	1636	2964	1638
1	655	941	942	581	3001	80
1	560	1272	1273	1952	1953
1	603	2304	372	2306	2307	1235	1236
1	718	2034	2035	2362	2363	1494
1	672	2363	2082	2083
1	717	1609	2422	2423	2364	2365	2882	2883
1	566	915	916	143	144
1	717	141	142	999	1803	36	37
1	616	2634	2635	2636
1	616	322	323	1951
1	653	2641	1488	41	42	43
1	692	547	1661	1662	2605
1	620	2620	2621	2622	660	2791	2330
1	685	1658	449	1246	645
1	668	554	555	1464	1465
1	664	985	986
1	573	2436	411	1581	1789
1	536	2333	2334	1678	1679	1680
1	534	1402	1677	1790	1679	1680
1	559	2693	1403	1404
1	717	1537	1538	782	783
1	699	1837	1794	1795	1796	1797
1	497	331	105
1	496	2787	934
1	498	935	936
1	710	2222	701	2845	2846
1	586	702	66	67	68
1	710	2847	2848	704	2225	2226	2227
1	553	1600	1601	98	1960
1	589	2084	103	104	389
1	630	1265	1542	423	424	1270
1	620	522	2338	3065
1	623	1218	1219	420	421	134	135	1841	1842
1	626	1917	507	1855	1856
1	521	510	107	232	233
1	521	240	241	2546	2547
1	589	256	1228	1229	1230	1231	3015
1	715	772	773	776	2443	2907	2908
1	517	365	1427	1428
1	620	1762	968	383
1	716	1969	1970	1971	1509	1510	1511	2737
1	695	1521	1522	1092	1988	895
1	671	317	2451	2452	1417	1360
1	662	209	210	211	738	739	2079	2080
1	632	1086	1087	1088	174	175
1	672	176	177	1396	1397	1398	1399	1827
1	521	407	1527	1528	2753	2754
1	632	1828	1829	1830	1831	1832
1	521	191	192	193	1217	3066
1	521	3072	2705	2706	2301	2922
1	551	2923	2924	2925	1646	432	433
1	554	1999	2000	2001	2002
1	541	2003	1152	714
1	616	715	2446	2447
1	719	2768	2769	2770	2773	2774	2775
1	679	1767	2782
1	679	1586	1589
1	679	1593	2029
1	679	1554	1555
1	599	2933	2934	2935	2936	2937	2831	2832	2833	1328
1	410	853	854	855	2239
1	432	1169	539	540	2238
1	647	2282	2283	2284	2285	2286	2287	2288
1	647	1043	1044	1045	1046	1047	1048	1049
1	691	1283	1284	2831	2675	1861	1862	1863	1864	1865	1866
1	713	2347	2348	2349	2350	2351	632	2294	2295	2296	2297
1	717	847	483	484	485	2869	2572
1	708	2890	116	117	2496	2497	2660	2499
1	719	206	35	3076	1805
1	629	1543	1804	2028	1596
1	706	650	651	652	1567	1568	341
1	690	664	1924	2435	2436	2391	2392
1	572	52	53	54	2321	2322
1	717	2434	2435	2796	2797
1	720	806	807	808	809	2607	2608	224	1668	1669
1	710	2208	2209	745	2652	686	2654
1	702	1165	1166	538	955
1	702	542	1320	544	2242
1	629	367	368	369	370	1595	2304	2305	2360
1	695	2794	1927	1675	1628
1	689	2981	2982	2983	2984	169	170
1	689	469	470	1334	1335	895	896	897
1	689	1029	1030	1031	3061	3062	2444	2445
1	662	438	439	440	441	965	966	967
1	698	569	570	571	188	189	190
1	611	2942	2483	2046	752	753
1	720	943	944	945	2019	2020	2021	2022
1	432	68	2955	2110	2111
1	707	1280	1281	1713	1714	1715	1716	1513
1	702	755	12	13	14	891	892	893	1990
1	707	2507	2508	1695	1696	1697	482	2804
1	673	2891	2892	1572	473	474	475	476	766	767
1	660	1512	2151	2152	1921	2486
1	655	1290	289	290	291	292	293	294
1	703	199	1043	843	844	845	633	634	635
1	682	1057	1058	598	599	600
1	647	1177	1178	1179	1180	1181	1182	278	456	457	458	459
1	679	1158	720	721	1352	1353	1354	1355	1356	1357
1	673	2863	2864	2865	3005	531	532	533	534	535
1	496	114	115	1333	1334	17	1095
1	571	2460	2461	2811	1062	2879
1	660	815	610	817	818
1	701	1615	58	59	60	659	983	984
1	680	2943	2944	2945	2946	2947	2948
1	660	1354	1355	1356	1357	1358	1359	1418	848	849	850
1	702	2854	2855	1349	1162
1	632	2779	1768	1769	1770	1771	1772
1	682	2829	2830	2831	2675	168	1566
1	704	1974	2985	2986	2267	2268	2269
1	697	1987	1988	1989	2749	2750	2751	2752
1	632	194	946	947
1	683	1988	1336	1337	1338	1529
1	688	3022	3023	3024	3025	3026	1012
1	482	1858	1508	1975	1976	1977
1	599	1727	1728	27	28	1032	2172	2173
1	577	740	741	2582	2583	2584	2818	2819
1	688	196	197	198	199	200	201	202	727	204
1	606	2880	2881	451	2142
1	720	342	343	558	559	560	561	562	2792
1	706	692	693	694	695	696	697
1	695	1271	1544	2522	2523	2524
1	602	2827	2828	2829	275	2369	650
1	640	1968	2732	2733	1859	1860
1	694	874	875	2256	5	6	7	2146	2147
1	693	2741	2742	1720	1721	1922	2893	2894	2895
1	717	1609	1610	1611	450	2882	2883
1	701	1636	1896	1897	1898	1899	2409	2410
1	530	2042	687	688	689	690	691
1	718	775	2556	2557	2558	309	310	311
1	552	2217	2218	2219	698	699	2949
1	492	884	885	886	2220	2221	700
1	684	910	996	3070	3071	139	140
1	537	952	953	87	2418	2766
1	607	3005	3006	3007	3008	3009	3010	3011	683
1	427	1039	1040	1041	1042	200	2352	2353
1	713	2712	2713	1752	2715	2716	2717	2718	1064	2466
1	654	353	1261	1262	1263
10	679	1729	1730	29	2170	2171	2172	2503	2504	2505
10	719	1498	1499	1500	1501	1502	1503	3037
10	674	1867	1868	1869	1872	1873
10	661	769	770	901	246	247
10	703	2586	2587	2588	2589	2590	2476
10	687	1288	658	61	62	63	64
10	676	590	2918	2919	2920	2921
10	663	373	374	375	376
10	717	161	1016
10	717	1348	2663
10	239	1382	1142	1143
10	375	2722	2723	444	445	446
10	676	31	32	33	2966
10	664	2183	2184	2185	1702	1703	1704	1705	1706	1707
10	407	2823	2824	2825
10	702	2975	2976	2977	2978	2979	2980	3041	3042
10	694	3000	3001	80	913	914	2701
10	627	1808	1809	1442
10	715	1931	1475	1476	1477	1478
10	638	1137	1138	1139
10	687	1378	2038	2477
10	380	3030	3031	3032
10	688	672	673	2956	2957	2958	2959	1835
10	440	1656	1657	548	549	550	551
10	661	642	643	2313	2314	2315
10	673	1669	1670	1671	1672
10	616	2311	871	872	873	874	875
10	679	1612	1613	1614
10	698	426	427	428	2418	2766	2767	260	261	262
10	712	3079	3080	3081	790	1649	1650	1651
10	695	931	2375	2376	2377	2378	2379
10	675	2593	2594	2595	2596	2597	2141
10	655	2595	2202	2203	2204	2205	2206	2207
10	636	521	522	523	524
10	681	1845	1846	326	152
10	696	553	2322	339	340	1569	1570
10	715	1791	1838	2637
10	669	2926	1439	1440	1441
10	685	791	792	793	794	795	796	797
10	306	686	2654	2655	2656	2657
10	691	2216	2217	753	754	755	2659
10	712	959	960	961	1756	1757	1758	2719	742	218	2310
10	700	2650	1962	1963	1964	1965	1966	1967
10	697	1163	1164	2072	2073	2074
10	690	860	861	862	863
10	525	2930	2931
10	613	2993	2994	2995	2996	3052
10	688	1431	1432	1433	1434	1435	1436	1437	1438
10	675	1818	1819	1820	1821	516
10	654	3084	1240	153	156	157	158	159
10	664	1241	1603	2032	2033
10	704	1916	2535	3036	3037
10	713	902	903	2909	2910
10	705	837	838	839	840	841
10	717	1918	1919	171	2543
10	215	1556	1557
10	703	2815	2816	2817	2585	2586	1763
10	462	384	385	865	866	867
10	667	2988	2989	2099	2100	2101	2102
10	655	480	481	731
10	568	969	970	971
10	706	2326	2327	2328	2329	2330	2626	2627
10	676	1479	785	426
10	667	1015	1016
10	672	1017	12
10	497	2646	2647	2648	2649
10	646	2133	2134	2135	2136	3027	3028
10	684	813	814	815	610	611
10	702	1947	2127	1642	1643	1644
10	720	1009	1010	1011	2137	2138
10	555	597	150	2195
10	535	1852	1853	1854	508	509
10	668	655	656	1781	1782	1783	1784	1785	1786	1787
10	697	1764	1765	1766	1767	2366	2367
10	592	2783	2784	2785	2786	2429
10	651	2273	2274	2275	2276	2437	2902	1676
10	677	2131	1011	1851	1652	1653
10	716	1258	1259	2756
10	653	2520	2521	2128	2129	2130
10	587	2045	2484	1189	1388
10	658	2049	2105	2952	2953	705
1	427	1075	1076	1176	876	877	878
1	458	1413	2511	2024	2866
1	718	96	97	1602	2031	1913
1	691	136	1946	2703	2704	3073
1	717	1239	1551	1552	1242
1	552	1313	1314	956	957	958	1318
1	698	2386	1998	771
1	687	768	1579	1580	412	413	2052	1881	1882	1883	2056
1	691	2459	1749	1750	2713	2714	1753	2772
1	711	2858	2859	2860	2861	2862	2863	203	728	729	1420	1421	1422	1423
1	687	287	288	1291	1292	1293	2494	2495	762	763	764	765
1	706	684	685	2040	2041	2210	2480
1	706	2112	2113	2114	2115	2116	2117
1	539	3067	3068	3069	2410	2411	2412
1	700	1054	1055	1056	1057	2711	2771	1754
1	656	1141	1073	1074	1075	4	2257	2258
1	695	1462	3049	2679	2680
10	717	1	2	3	2670	2671	2672	2936	2261	2938	2939	2940	2941
10	677	2819	442	443	2724
10	243	864	386	387
10	661	3012	3013	3014	3015	3016	261	926
10	620	8	9	10	11	1018
10	606	269	1605	1606
10	718	2658	756	757
10	717	1019	2661
10	720	679	680	681	682	1365	1366	1367	1368	1369
10	689	2501	2502	1888	1889	675	676	677
10	582	1323	1324	2974	274
10	664	1096	1097	1098	1099	1100	1101	1102
10	653	2144	2145	2148	2149	2150	1717
10	720	2904	2905	2906	1153	1154	1155	1156	1038
10	700	2410	1903	1641	1000
10	688	361	362	363	950	951
10	710	1620	2682
10	628	1466	1467
10	709	1850	1012	1013	1014
10	639	1243	1493	2036	3089	1381
10	310	517	518
10	678	219	220	221	222
10	659	49	220	221	222
10	692	220	221	222	223	224	225	226	2884
10	213	1654	798	799
10	700	2623	2624	2625	821	822	823	824
10	167	972	973
10	715	2851	674	675	676	2662
10	691	851	1171	1172
10	458	2652	2653	2043	2044
10	539	974	975	976	977
10	647	3029	3089	2038	2039	2598
10	694	1708	1709	2728	2729	2539	2540
10	307	1244	1245
10	690	151	327	328	604
10	424	1490	2592
10	580	2911	2912	2913	2914	2915	2916	2917
10	331	1811	1444
10	649	1474	1536	1405	1406	1407
10	621	2739	2740	2272
10	705	2664	2075
10	705	758	759	2492	2493	2494	2495	118	119	120
10	703	525	526	527	528	948	3004	1269	2512	2513	2514
10	519	2646	2647	447	448
10	705	1257	2628	1468
10	679	1470	626	627	628	629
10	706	3033	3034	3035	2536	2537	2538	2539	1857
10	663	514	515	1822	1823
10	706	1621	1622	1623	1624	2901	2438
10	706	1904	1905	1906	1803	1594	371
10	672	2175	2176	2177	2178	2181
10	613	800	801	1655
10	707	827	2550	2551	2552	414	415	1533	417
1	683	1359	1418	1419	1420	1423	1424	1425	1426	1364	1365
1	683	2281	2282	2283	1210	1211	1212	1891
1	639	2573	2574	2575	1755	740
1	672	2259	2260	2937	277	278	456	459	460	2097
1	607	1063	1064	1065	1066	1132	1133	1069
1	689	922	923	924	925	260	3017
1	655	55	56	1082	1463	1618	1390
1	710	2951	2952	2107	2108	2109	2850
1	702	2223	2224	2106	2953	2954	69
1	672	2413	2414	2415	2416	2417	2418
1	720	2852	2853	1729	710	711	1032	1033	1034	1035	2062	2063	2064	2065
1	715	1710	1711	1712	1282	2262	2263	1976
1	712	3038	1504	1505	1506	1507	2734	1972	1973	1974	2985
10	707	1134	1135	1136	1914	1915
10	483	1446	1447	1448	1449	1450
10	522	379	380	381	382	446
10	689	2677	2678	57	1616	1617	1255	1256
10	663	954	2969	1171	2665
10	575	3088	2037	3090
10	652	929	1812	1813	1814	2087
10	715	2757	2758	1939	994	995
10	646	703	2849	705	706	707	708	709	126	127
10	715	70	71	72	73	74	75	2173	2174
10	680	2691	2692	2693	2694
10	669	1485	1486	1487	1488	1489
10	235	605	606	607
10	581	249	250	251	252	253	254	255
10	472	1590	1591	1592	323	324
10	459	1327	455	279	280	281	282	283	284
10	648	879	880	881	1515	1516	1517	1518	1519	1520
10	527	2103	2104	2050	1203	1303
10	697	479	128	129	130	312	313	314	315	316	2346
10	612	2478	2479	2255
1	427	22	23	24	25	26	125	126
1	690	1044	949	2454	2455	2456
1	664	2812	1128	1129	1130	1131	1067	1068
1	659	1571	1923	1298	1299
1	560	1170	2237	1316	1317	541	1319
1	702	2167	2280	774	2555	1031	712	713
10	689	1514	882	883	2047	2048
10	608	803	804	805	2599	1663
10	682	1816	1817	1818	1819
10	616	1843	2125	2126	2127	1545	1483	1484
10	647	2534	2535	2731
10	696	2973	1325	1326
10	720	433	2527	2528	1956	1957	1958	1959	99
10	608	1174	1175	1077	1078	1079	1080
10	708	1469	1470	626	627	2632	2633	2336	2337	248
10	645	2541	2542	172	173
10	692	1985	1986	1987	1573	1574	1149
10	693	1874	1875	1876	1877	1878	1879	1880
10	697	1583	1584	1585	1586	1587	1588	1220	1221
10	665	377	378	2820	2821	2822
10	716	1948	1949	1950	1845	1274
1	707	286	287	288	289	290	1093	1094	18	764
1	610	2576	2577	736	2579	2580	2581	2582
1	641	1562	2735	2736	1861	1186	1187
1	633	2087	2088	646	647	648	649	2319	2320
1	659	1664	810	811	52
10	487	2725	2726	2727	2728	2729	2730
10	681	3053	3054	3055	3056	3057	3058	3059	3060	77	78
10	700	1192	1193	1194	1195	1196	1197	1198
10	699	1815	2089	2090	2091	2092	2264	2265	2266
10	587	608	106	2092	2093
10	690	1251	1252	1253	1254	60
10	710	993	1636	2964	419	422
10	705	50	51	227	228	229	108
10	690	95	264	265	266	267	268
10	694	630	2121	2122	2516	2517	2518	2519
10	704	2470	2471	2472	46	47	48
10	706	181	182	183	184	185	186	187
10	657	2398	2399	2400	2401	2402	2403	2404	2405	2406
10	695	2354	2355	1312	852	2969	1315
1	682	2407	2408	2699	2700	83	84	2514	2515	2516	2517
10	668	297	298	299	1342	1343	1344	1345	1346	1347
10	712	2805	536	537	1171	2075	2076
10	712	311	131	132	133	1639	1640
10	691	162	163	164	165	166	1183	1184	1185
10	715	207	208	209	210	211	503	504	2464	2465	2720	2721
10	696	1480	1481	1482	1546	1644	1645	1646
10	720	2236	1167	1168	2970	2971	2972
10	679	732	733	734	735	2578	601	602	603
1	684	90	91	92	93	94	1649	1373
10	681	2143	452	453	454	2673	2674	167	2676
10	683	1103	1104	1105	1106	718	719	720	2856	2857
1	657	3018	3019	2877	2813	2814	2645
10	701	1311	2356	2357	2358	2359	2360

MyIndex	Index	StartTime	EndTime	StartStation	Endstation
5	1173	131	227	1014	2993
9	2932	167	273	1014	1823
1960	678	5397	5471	1175	1756
2863	927	7793	7869	3243	3631
2987	1443	8595	8714	699	2759
3043	928	9652	9726	3631	3243
3054	270	9768	9962	2759	3125
3062	160	9813	9837	4718	3012
3084	1445	10035	10080	699	2759
3087	1140	10040	10080	3631	3113
3089	1961	10062	10080	3152	1419
