Costs	Duraton	Task_1	Task_2	Task_3	Task_4	Task_5	Task_6	Task_7	Task_8	Task_9	Task_10
1	433	755	12	13	14
1	406	1072	1073	1965	1966	1967
1	450	633	634	2804	2805
1	437	740	741	2582	2583	1067	440	441
1	433	962	963	964
1	427	285	286	287	288	1291	759	760
1	373	2745	1093	1094	1095
1	363	842	843	727	204
1	373	3003	1744	1745	1746
1	435	2776	1070	271	272	273
1	389	419	420	421	1542
1	404	2894	2895	2793	2794
1	467	2704	3073	3074	3075
1	456	3089	2038	2039
1	445	1632	1633	1634	1836	1685	1686
1	445	140	83	84	2415	2416
1	389	397	398	399	400	560
1	454	1394	1395	1396	1397	1398	1399
1	363	670	671	571
1	416	1374	3022	3023	1850
1	463	518	519
1	463	936	937
1	386	938	939	190	1634
1	463	1839	1840
1	415	1264	135	136	137	138	321
1	462	2374	3047	3048	1616	1617
1	425	556	557	558	559	984
1	411	1618	1390	659	983	984
1	408	989	990	991	992	1679	1680
1	448	2695	2696	2697	2698	1900	1901	1902
1	435	1486	1647	1648	1649	1955
1	379	1909	432	433	2527	2528
1	476	1848	2196	2197	2198	2199	1277
1	360	2638	1950
1	450	50	51	52	976	3044	335
1	452	2703	2024	2025	425	1000
1	376	92	93	94	789	790
1	470	686	2654	2655	2211	2212	2213
1	470	885	886	698	699	2949	2844
1	410	1322	2928	2929	2243
1	470	2244	2245	2246	2247
1	402	695	696	2948	2843
1	472	2826	2827	2828	2829	1562	1972	1973
1	451	1284	1182	2675	168	1566
1	429	653	654	655	656	657	1719	2743
1	431	2548	2549	831	832	833	834
1	463	1115	1116	1117	1118	1119
1	471	243	828	829	830	244	245	902
1	376	2731	2732	2733
1	435	1859	169	170
1	400	112	2159	2160
1	374	1337	1338	1339
1	435	302	1028	1029
1	424	1210	1211	1212	1213	1214
1	398	195	79	2017	2018
1	461	949	2454	2455
1	374	1361	1362	1363
1	466	2866	2183	683
1	471	1842	363	950	951	952
1	452	142	143	426	427	428	2418
1	471	2642	2643	2644	3020	3021
1	424	1525	2386	2751
1	457	1148	1575	1998
1	400	1878	1879	1207
1	465	2285	904	192
1	421	1428	1429	1058
1	472	2814	437	744
1	440	396	2323	2324	2325
1	458	1792	1793	1794	1795
1	473	2133	2134	2135	2136	2137	2138
1	555	2885	2886	2839
1	594	476	477	478
1	550	1159	1160	1161	1162	1353	1354	1355
1	598	730	1698	1699	1700	1701
1	552	2891	1334	2494	2495	762	763	2749	295
1	505	1036	1037	1157	1105	312	313	314
1	592	315	316	2346	199	200	201	202
1	599	2348	2860	2861	2862	2863	844	845	846	847
1	505	3007	3008	3009	3010	1053	1054	1055
1	589	1053	2186	2187	2188	2189	2190
1	487	1712	6	7	2146	2147	2148	2149
1	524	290	291	292	293	294
1	598	2892	1572	473	2750	1576
1	562	1997	1340	1341	1025	1026	1880
1	577	1341	300	301	2167	2280	2281	2282
1	500	1732	1733	1214	310
1	560	2006	2007	2008	2009	2010	2011	2012	717
1	590	311	131	718	1739	1740	2016	1310
1	560	1418	1419	1420	1423	1424	1425	1426	1364
1	541	636	637	638	639	1749
1	570	2712	2713	2714	2715	2716	2717	2718
1	524	1288	1719	2743	2993
1	586	1146	2387	1299	1300	1301	1302
1	560	1303	2168	414	415
1	577	416	1534	1682	1683	573	574	575	576
1	570	1141	1073	1074	1075	1076
1	583	2834	2835	2836	2837	2838
1	574	2839	2840	2841	888	889	890	891
1	577	1785	1786	1334	1335	1989	1990	1991	1992	1993
1	566	2492	2493	2494	2495	2496	2497	2660	2499
1	488	1041	1042	1043	1696	1697
1	535	491	492	493	494	495	496	2808	1753	1754	1755
1	560	1188	2485	2992	2744
1	593	1722	1723	17	474	1199	1200
1	571	2553	776	777	1682	1683	573	574
1	537	2802	2803	1050	1051	1052	2458	2459
1	500	1810	2081	1604
1	533	2777	2778	2779	451
1	509	2997	2391	2392	2437	2902	2903
1	588	868	869	870	2312	450
1	574	2319	2320	650	651	652	1567
1	519	2370	2371	2372	2373	1615
1	560	1083	1084	1085	1821	2430	2431
1	591	3049	1388	1389	1390	2680	2681
1	565	342	343	344	345	346	347
1	573	1391	402	2790	2791	2792
1	590	2898	2899	2900	1625	1626	1627
1	560	1927	1928	568	2755	1929	1930
1	573	1628	1629	938	939	940
1	505	2630	2631	572	1682	1683
1	586	2799	1733	1892	1893	1894	1895
1	561	781	1539	1540	1541
1	524	420	421	422	423	424
1	561	1544	1545	1546	1547
1	573	3078	3079	3080	3081	790	95
1	485	264	265	96	97	1602
1	590	1551	1552	2031	1913
1	550	669	1827	569	570
1	524	1687	908	909	910	996
1	582	997	998	2412	2413
1	488	87	429	430
1	598	350	351	352	409	410	2391	2392	2393	2394
1	566	915	916	143	144
1	586	85	86	87	88	89
1	558	145	36	431
1	534	2424	2425	2426	2427
1	593	932	815	610	611
1	583	610	817
1	543	612	613	614	615	2790	2791	563	564
1	583	353	1261
1	592	1262	1263	1630	1833	1834	1835
1	494	1630	1631	1632	1933	1934	1935	1936
1	583	359	2762
1	598	1943	1944	1841	139	140	141	142
1	583	2639	2420
1	558	2526	1372	1238	43
1	593	2531	2532	154	155	2473	2474	2533	2201
1	492	2473	2474	2475	1013	2590	2591
1	536	1248	1249	1250	647	648
1	574	554	555	1618	1619
1	531	1466	1393	1394	1395	350	351
1	573	667	668	669	1400	1401	183	184
1	573	2436	2391	2392	2998	1788	1789
1	559	2693	1403	1404
1	507	1681	1682	1683	1684
1	554	1644	1645	1646	1487	1488	2526	2527	2528
1	597	3024	3025	3086	3087
1	509	1275	1276	2531	2532	2200
1	498	2425	2426	2427	2428
1	506	609	816
1	496	2787	934
1	506	1673	1260
1	498	354	355	356	357
1	506	358	2761
1	497	2636	361
1	498	360	2763
1	535	336	393	394	395	396	397
1	547	806	807	808	809	2607	2608	2609
1	575	1665	1666	1667	1668	2612	2613	332	3043
1	483	810	811	812	3043
1	594	2610	2611	2612	2613	2614	2615
1	514	980	981	982	660	2791
1	553	2330	2331	2332	2683	2684	2685	2686
1	550	618	619	620	621	622
1	592	2687	2688	2689	626	2631	188	189
1	575	623	624	625	1471	1472	1473	1833
1	524	2404	2405	2406	2407	2408	2699	1946
1	544	1001	1002	1003	1004	1005	1006
1	530	2042	687	749	750	751	691
1	590	2943	2944	2945	2217	2218	2219
1	530	2947	2948	2220	2221	2222	701
1	540	2841	2842	887	888	889	64
1	590	2228	2229	2230	2066	2067	721
1	530	2069	2070	1352	1163	1164	2235
1	556	2967	2968	1168	1169
1	590	2927	1321	545	2928
1	590	2240	2241	2242	858	859	546
1	530	2246	2247	2248	2249	2250	2251
1	582	2482	2483	2046	2217	885
1	492	884	885	697	2220	2221	700
1	582	2223	2224	2846	2847	2952	2107
1	522	2952	2953	2108	2109	2850	2851
1	522	2106	2953	2108	2955	2110	2111
1	492	2231	1350	2117	722	2233	2071
1	524	2893	2894	2895	2896	1297	1298
1	553	1923	1924	1925	1926	1625
1	549	2388	2389	2390	411	412	413	1531
1	506	1895	1587	1588	1220	1309
1	553	1600	1601	98	1960
1	589	2084	103	104	389
1	537	1824	1825	1826	1827	1828
1	537	905	906	907	1688	1689
1	537	952	953	2417	2418	2766
1	600	1855	1856	1505	1506	1457
1	521	240	241	2546	2547
1	571	823	824	2546	2547	825	826	827
1	521	1113	1114	1228	1229
1	557	2919	2920	2921	2767	260
1	594	1120	1121	1122	1123	1124	1125	2194
1	589	2545	2546	2547	825	826	827	828	829	830	244
1	578	1556	2726	2727	2728	2729	2730
1	539	1710	1711	1455	1456	2093
1	544	1987	1988	895	896	897
1	557	2161	2162	2163	2164	2165
1	538	1149	1876	1877	771
1	580	898	899	900	303
1	546	1209	2005	713	714	715
1	544	2004	2005	3062	2444	2445
1	516	1152	3063	3064	2339	2340	2341
1	575	2286	2287	2012	2013	2014
1	592	194	1741	318
1	565	2452	2453	920	921	922
1	588	529	530	2298	2299	2300
1	580	923	924	925	1369
1	593	2301	2767	260	3017	3018	3019
1	556	1969	1970	1971	1509	168
1	576	2735	2736	1510	1511	1512	2151	2152
1	552	2153	2154	2155	2156	2157	2158
1	538	1030	2556	2557	2558	309
1	494	2907	2908	2559	2560	716
1	596	2019	1046	1047
1	494	2775	603	2815
1	537	2158	470	1295	1296
1	560	2025	2026	2027	1543	146	147
1	598	1821	2788	2789	616
1	521	407	1527	2752	2753	2754
1	539	3067	3068	3069	3070	3071	321	2412
1	551	2923	1007	1008	788	789	3082	433
1	535	1375	1376	3084	1240	153	154	155	156
1	526	3038	3039	3040	3041	2092
1	557	3040	2981	1972	1973	1974	2985
1	519	1507	2734	2263	2264	2265
1	528	1976	1977	1978	231	1919	513	514
1	551	512	1920	467
1	518	468	469	1524
1	554	1999	2000	2001	2002
1	531	1830	772	773	2283	2284
1	531	1691	1692	1693	1044	1045
1	579	947	319	320	321	917	918	919
1	531	2768	2769	2770	2192	2193
1	547	1059	1370	1371	434	435
1	574	3019	2877	600	601	602
1	561	1761	329	330
1	513	552	647	648	649	2370	2371	337
1	598	2624	661	662	663	348	349	178	179	180
1	575	2139	1379	1380	802
1	583	2180	2181	2182	2867	2868	2869
1	436	2569	2570	2571	2870
1	480	761	16	17	2748	764	765	21
1	465	1808	1809
1	438	2316	2317	2318	2319	2320
1	455	778	779	780
1	390	332	333	334	3045	3046
1	439	1635	1837	1838
1	411	2700	2701	2122	1801
1	440	1246	1247	644	645
1	394	798	799	800	801
1	418	2764	2765	2419
1	381	2616	2617	2618	978	979
1	380	2849	2225	2226	2227
1	462	542	1320	544	2240
1	440	1719	1720	1721	1922
1	460	1461	1462	1083	1084	1085	1086
1	466	175	404	405	406	407
1	431	234	235	236	237	238	239
1	463	242	243	828	829	830
1	471	109	1870	1871	2544
1	471	2911	2912	2913	2914	2915	255
1	461	1563	2986	2987
1	398	1921	2992	2157	2158
1	465	1457	1458	1459	1460	511
1	424	1564	1565	2738
1	433	758	15	2496
1	571	2495	2496	2497	2498	2499	1021	1022
1	583	1383	1384	1451	1452	1453
1	598	29	30	1733	1734	1735	1736	130
1	596	115	116	117	1197	1198	1996
1	562	1426	1427	2709	2710	2711
1	533	2976	2977	1770	1771	1772	1773
1	569	1204	1205	2439	2440	2441	2442	415
1	549	577	578	579	580	943	944	1410
1	586	2292	2293	1698
1	585	1737	1158	720	2856	2857	2858	2859	2507
1	594	1201	1202	1203	1204	1205	1206	2552
1	560	1747	1748	640	2361
1	524	1189	1190	1191	1144
1	582	418	1306	1637	2965
1	590	55	56	1082	2269	2270	2271
1	561	1463	2377	2378	344
1	522	2432	2433	2434
1	522	1931	1536	1537
1	518	1535	1536	2961	2962	2963
1	590	1538	1636	2964	1638
1	573	134	135	1945	2702	2703
1	573	1639	784	1799	1800	2703
1	590	1906	1803	3076	3077
1	519	3089	2140	1495	1607	1608
1	576	908	909	910	911	912	913	914
1	530	90	91	2924	2925	1433	1434	1435
1	593	403	2383	2384	2385	1526	408
1	545	2526	1372	1238	2529	2530
1	567	60	61	2433
1	536	2333	2334	1678	1679	1680
1	595	2335	1836
1	513	1798	1799	1800	1801	1802
1	506	388	930
1	497	331	105
1	498	935	936
1	497	519	520
1	497	1951	1846
1	498	1845	2421
1	568	2409	2410	2411	2412	2413	2414	2514	2515
1	590	2208	2209	745	2041
1	560	2210	2480	688	689	690	691
1	590	2214	2215	2216	695
1	586	692	693	694	2946
1	560	65	2950	2951	2848
1	556	702	66	67	703
1	567	957	958	959	1437	1438
1	517	674	1034	1035	2062	2063	2113	2114
1	506	1895	1307	1308	1309
1	589	1271	1272	1273	1952
1	599	2303	3078	3079	789	3082	3083
1	521	510	107	232	233
1	521	835	836	2339	2340
1	548	3065	1690	2448
1	560	1230	1231	1232	1233	149	150
1	523	2015	317	2020
1	572	2452	1224	1225	1226	1227	257
1	550	2988	2989	2990	1517	1518	1519	1520
1	538	1215	2344	2345
1	553	2878	1063	1064	2466	743
1	541	1559	1560	1561	275	276	2983
1	521	191	192	193	1217	3066
1	521	3072	2705	2706	2301	2922
1	513	2326	1393	1394	1395	178
1	595	1125	1126	599	2813	436	2645
1	573	591	592	593	594	595	596
1	482	1858	1508	1975	1976	1977
1	592	1777	1778	1616
1	402	856	857	544	2240
1	440	2359	2306	2307	1235
1	458	1481	2520	2521	786
1	563	165	1715	1716	1513
1	557	1331	1332	1333	471	2747	474	475
1	597	497	498	499	500	2462	2463	2464	2465	1065
1	594	2488	2489	2490	2491	892	893	894	18
1	580	710	711	712	3062	2287	2288	2289	2290
1	549	196	197	198	1694	1695	1696
1	561	2795	987	988	2798
1	572	52	53	54	2321	2322
1	507	2382	176	177
1	571	1400	1401	1468	1469	1470	626	627
1	534	1402	1677	1790	1679	1680
1	556	684	685	2040	2041
1	500	2953	2954	69	70	71	2956
1	589	256	257	2707	2708	3014	3015
1	510	2982	2983	2984	1860	2737
1	554	1521	1522	1523	2746	472
1	572	1880	1881	1882	1883	123	775	776	2443
1	407	1161	2118	2119	2120
1	445	1658	449	1246	1247
1	440	539	854	1318	1319
1	594	2054	122	1884	1885	1886	1887	76	77	1212
1	596	1222	1223	530	531	483	484	485
1	574	2259	2260	2937	2262	1860	1861	1862	1863
1	519	2992	1289	1290	289	1787
1	525	2894	2895	2896	2897	2435	2436
1	553	2573	2574	2575	2576	2577	503	504	2464
1	573	2852	2853	1729	1730	1731	2170	2007	2063
1	582	2854	2855	1349	1350
1	590	113	114	115	1294	1336
1	427	22	23	24	25	26	125	126
1	413	2278	2279	1532	1533
1	599	2933	2934	2672	2936	2261	2938	2939	2833	1328
1	599	1329	1330	1292	1293	1724	1725	1726
1	427	1039	1040	587	2351	2352	2353
1	568	2565	2566	1416	1417	3006	2297	484
1	569	482	635	484	485	486	487	488	489	490
10	688	960	961	2079	2080
10	631	1437	1438	1439	1440	1441	1442
10	668	297	298	299	1342	1343	1344	1345	1346	1347
10	672	461	462	2098	2099	2100	2101	2102
10	688	588	589	590	2918	257	258
10	661	769	770	901	246	247
10	703	2586	2587	2588	2589	2590	2476
10	663	373	374	375	376
10	685	2256	2257	2258	1077	1078	1079	1080	1081
10	717	161	1016
10	717	1348	2663
10	428	1496	1497	1498	1499	1500	1501
10	581	2666	2667	2668	2669
10	697	1382	1142	1384	1451	1558	1385	2782
10	375	2722	2723	444	445	446
10	584	2169	2170	2171	2172	2503	2504	2505
10	676	31	32	33	2966
10	664	2183	2184	2185	1702	1703	1704	1705	1706	1707
10	613	2823	2824	2825	1558
10	702	2975	2976	2977	2978	2979	2980	3041	3042
10	685	1193	1194	1195	1196	118	119
10	665	3051	3052	3053
10	667	2028	1596	1597	1598	1599
10	661	2362	2363	1494	2037	2038	2477
10	674	781	782	783	1640
10	659	36	37	38	39	40	41
10	626	1237	1238	1239	266	267	268
10	661	3085	1011	3027	3028
10	638	1137	1138	1139
10	380	3030	3031	3032
10	706	401	1392	2327	2328	2329	2330	2626
10	688	672	673	2956	2957	2958	2959	1835
10	661	642	643	2313	2314	2315
10	496	322	323	324
10	539	44	45	156	157	158	159
10	335	547	548	549	550	551
10	673	1669	1670	1671	1672
10	689	2692	2693	2694	1685
10	679	1612	1613	1614
10	649	1011	1012	1013	1014
10	655	2595	2202	2203	2204	2205	2206	2207
10	636	521	522	523	524
10	715	1791	1838	2637
10	709	1657	2311	871	872	873	874	875
10	719	180	181	182	2629
10	700	2690	2691	1472	2633	2336	2337	2338
10	685	791	792	793	794	795	796	797
10	715	1962	1963	1964	1965	1966	1967	1968
10	306	686	2656	2657
10	616	68	704	705	706	707	708	709	126	127
10	690	860	861	862	863
10	539	974	975	976	977
10	613	2993	2994	2995	2996	3052
10	675	1818	1819	1820	1821	516
10	664	1241	1603	2032	2033
10	707	1377	2034	2035
10	718	1832	1474	1475	1476	1477	1478
10	705	837	838	839	840	841
10	664	1490	2592	2593	2594
10	697	2561	2562	2563	2564
10	462	384	385	865	866	867
10	710	1430	1431	1548	1549	1550	1911	1912
10	712	120	121	122
10	655	480	481	731
10	331	1811	1444
10	482	1606	2082	2083
10	708	1528	1529	1530	1531	1304	1305
10	635	193	2342	2343	1109	1110	1111	1112
10	568	969	970	971
10	667	1015	1016
10	582	2447	2448	2449	2450	2451	2021	2022	2023
10	497	2646	2647	2648	2649
10	707	1796	1797	1903	1904	1905
10	235	1257	1258	1259
10	702	1947	2127	1642	1643	1644
10	555	597	150	2195
10	535	1852	1853	1854	508	509
10	718	1309	3002	2800	2801	205	206
10	605	1764	1765	1766	1767	2882	2883
10	651	566	567	2756
10	697	1590	1591	1592	1593	1594	1595	2304	2305
10	665	377	378	2820	2821	2822
10	706	1621	1622	1623	1624	2901	2438
10	633	1465	985	822
10	707	827	2550	2551	2552	414	415	416	417
1	446	2368	1284	1285	1286	1287
1	593	1356	1357	1358	1359	1360	1048	1049	1050
1	577	2748	19	20	766	767	768	1341	300
1	556	724	725	726	203	728	729	1420	1421	1422	1423
1	593	2830	2831	2832	2833	1185	1186	1187
1	496	2553	2554	2555	1031	3061	78
1	582	34	35	3076	1805
1	582	2064	2065	2115	2116
1	582	1165	1166	538	1314
1	491	1829	1208	1831
1	462	1313	955	540	2238
1	582	1753	2772	2773	2774	1128	1129	1130	1131
1	588	664	665	666	2436
1	522	2650	2252	2253	2651	2652	2653
1	512	2166	1027	2003
1	592	1430	641	148	2770	2771	2811	2812
1	590	1234	2460	2461	736	601
1	580	728	2295	531	532	533	3009	3010	3011
1	500	2254	746	747	748	2481	2213
1	505	2456	2457	2458	1365	1056	1057
1	477	1738	719	720	1351	2232	723
1	596	1990	1991	1994	1995	296	1023	1024
1	599	1727	1728	27	28	1032	1033	2173
1	591	774	124	2502	3059	3060	2007	2008	1890	1891
10	689	1514	882	883	2047	2048
10	243	864	386	387
10	661	3012	3013	3014	3015	3016	261	926
10	706	2309	2580	2467	438	439	1068	1069
10	335	269	1605
10	718	2658	756	757
10	689	2501	2502	675	676	677
10	582	1323	1324	2974	274
10	694	534	535	536	537	1171	1172
10	214	442	443	2724
10	664	1096	1097	1098	1099	1100	1101	1102
10	451	2776	2777	1071	1143
10	680	1191	1192	1145	1146	1147
10	645	2781	1386	2144	2145
10	701	3054	3055	3056	3057	3058	2173	2174
10	720	2904	2905	2906	1153	1154	1155	1156	1038
10	562	1568	1569	1570	1571
10	699	62	820	821	565
10	596	1910	264	2879	2310
10	412	42	1958	1959	99
10	710	1620	2682
10	662	1907	1908	1909	1436
10	546	2128	1432	1433	2926
10	655	2595	2596	2597	2598
10	678	219	220	221	222
10	659	49	220	221	222
10	698	993	1940	1941	1942
10	234	1654	1243
10	167	972	973
10	691	2845	705	2661
10	407	752	753	754	755	1018
10	525	2930	2931
10	544	2619	2620	2621	2622	2623	2624	661	662	63
10	694	1708	1709	2728	2729	2539	2540
10	703	1244	1245	450	1768
10	690	151	327	328	604
10	717	1918	1919	171	2543
10	693	1557	2779	1768	1769
10	710	2468	2469	1762	1763
10	687	2479	2652	2042	2043	2044
10	621	2739	2740	2272
10	621	1216	1217	1218	1219	1589
10	705	2664	2075
10	519	2646	2647	447	448
10	679	1470	626	627	628	629
10	663	514	515	1822	1823
10	592	2783	2784	2785	2786	2429
10	651	2273	2274	2275	2276	1676
10	679	2030	1553
10	679	1554	1555
10	653	2523	2524	2525	1489
10	677	2131	1850	1851	1652	1653
10	640	2175	2176	2177	2178	2179
10	459	1327	455	279	280	281	282	283	284
10	462	479	128	129	2291
1	462	542	543	544	2240
1	593	2308	2579	2580	2581	742	218
1	586	2112	2113	2114	2066	2067	2068
1	568	1773	1774	2147	2148	2149	2150	1717	1718
1	598	2095	2096	2097	463	464	465	466
1	598	2395	2396	2397	1470	626	1932
1	600	1089	1090	1091	1092	1573	1574
1	596	598	1127	1760
1	427	1075	4	2257	2670	2671	2935	878
1	560	213	214	215	216	217	743	2816
1	556	876	877	166	1183	1184	457	458	459
1	500	945	946	1742	1743	2022
10	659	1577	1578	1579	1580	1581	1582
10	661	1107	1108	2448	2916	2917
10	648	162	163	164	2940	2941	2942
10	443	1019	1020	2500
10	483	1446	1447	1448	1449	1450
10	696	1278	1279	1280	1281
10	696	2887	2888	2889	2890
10	689	2677	2678	57	58	59	1255	1256
10	703	1387	1082	3049	3050
10	631	803	804	805	2599	2600	2601	2602	2603
10	668	1815	2089	2090	2091	2092	2093	2094
10	684	81	82	141	142	999	1000	1001
10	661	1378	3088	2141
10	663	954	1170	1171	2665
10	550	1656	1657	1658	1659	1660	1661	1662	1663	1664
10	720	2632	2633	2634	2635
10	611	2627	2628	2796	2797	185	186	187
10	714	2758	2759	2760	1264	1265
10	605	325	326	152
10	716	2960	1405	1406	1407	1408	1409	1221
10	682	1816	1817	1818	1819
10	535	3088	3089	1655
10	656	106	107	108
10	698	1847	1848	1849	3026
10	703	1467	2436	411	2999
10	703	785	1803	1804	207
10	686	2234	2072	2073	2074
10	684	72	73	74	75	1888	1889	675	676	2662
10	544	2605	2606	2607	2608	2609	225	226	2884
10	684	1916	1917	507	1855
10	613	2302	1953	2129	2130
10	700	2266	2267	2268	340	341	2741	2742
10	672	1017	12
10	679	1150	1151	304	305	306	307	308	2909	2910
10	711	787	788	1649	1650	1651
10	235	605	606	607
10	706	3033	2535	2536	2537	2538	2539	1857
10	699	1873	1874	1875	1876
10	701	2572	2190	2191	2773	1236
10	662	1583	1584	1585	1586	1896	1897	1898	1899
10	716	1948	1949	1950	1951	1274
1	592	1882	2055	2056	2057	2058	2059	2060	2061
1	535	1713	1714	166	278	456	457	458	459	460
10	682	2121	2122	2123	2124	1844
10	707	1134	1135	1136	1914	1915
10	619	2584	2818	2819	965	966	967	968
10	385	379	380	381	382	383
10	704	2880	102	103	104	608
10	705	1779	1780	655	656	1781	1782	1783	1784
10	718	941	942	581	582	583	584	585	586
10	698	1491	1492	1493	2036	3089	1381
10	698	929	1812	1813	1814	2366	2367
10	696	931	2375	2376	1464
10	664	517	1674	1675	2277
10	716	362	363	364	365	366	367	368
10	695	553	2322	339	2269	658
10	601	390	391	392	337	338
10	560	3029	3089	3090
10	696	2973	1325	1326
10	706	2076	2077	2078	1756	1757	1758	2719	2720	2721
10	611	259	260	261	262	263	1954	1373
10	708	223	224	225	226	227	228	229	230	1979
10	398	2398	2399	2400	2401	2402	2403
10	696	1009	1010	3086	1242
10	670	368	369	370	1595	2029
10	695	1641	1803	370	371	372
10	695	2354	2355	1312	1315
10	612	2478	2479	2255
10	703	2049	2050	2051	2052	2053
1	410	853	956	855	2239
1	534	1750	1751	1752	2809	2810	501	502	212
1	579	100	101	2881	2085	2086
1	587	1956	1957	2132	3025
1	582	852	2969	2237	1316	1317	541
1	598	2419	2640	2641	1488	2526
10	677	1863	1864	1865	1866	1867	1868	1869	1870	1871	1872
10	585	8	9	10	11	2659
10	718	679	680	681	682	1365	1366	1367	1368
10	715	2757	1937	1938	1939	994	995
10	717	1480	1481	1482	1483	1484	1485
10	720	2236	1167	1168	2970	2971	2972
10	695	630	631	632	2294	2295	2296	848	849	850	851
10	700	110	111	174	175	617
10	683	2422	2423	2364	2365	2780	2142
10	698	1479	1799	1800	2516	2517	2518	2519
10	625	813	814	933	1085	1086	1087	1088
10	646	1980	1981	1982	1983	1984	1985	1986
10	579	1103	1104	1105	1106	132	133
1	587	1411	1412	1413	1414	1415	2567	2568
1	599	1176	1177	1178	1179	1180	1181	277	278	456
1	567	2087	2088	646	647	648	649
1	543	612	613	818	819	561	562	563	564
1	577	1064	1065	1066	1132	1133	2817	2585
10	622	1	2	3	4	5	1282	1283	2369	1776
10	688	2871	2872	2873	2874	2875	2876	1060	1061	1062
10	695	2725	1500	1501	1502	1503	3037
10	706	3000	3001	80	1266	1267	1268
10	668	1806	1807	208	209	210	211	212	1759
10	710	660	2625	821	986
10	704	2470	2471	2472	46	47	48
10	626	525	526	527	528	948	3004	1269	1270
10	645	2541	2542	172	173
10	674	732	733	734	735	2578	737	738	739	505	506
10	707	2045	2484	1189	2679
1	586	2347	2348	2349	2350	2864	2865	3005
10	719	2506	2507	2508	2509	2510	2511	2512	2513
10	689	2806	2807	499
10	681	2143	452	453	454	2673	2674	167	2676
10	655	1609	1610	1611	1246	2604
10	714	1251	1252	1253	1254	2379	2380	2381
10	513	903	2559	2560	2446
10	683	248	249	250	251	252	253	254
10	706	2103	2104	2105	2952	69
10	710	1843	2125	2126	2127	2522
10	717	2534	3034	3035	3036	3037	3038	1504
10	720	1174	1175	1176	1177	1454	1455	1972	1775	1776
10	701	1311	2356	2357	2358	2359	2360
10	707	879	880	881	1515	1516	2991	2486	2487

MyIndex	Index	StartTime	EndTime	StartStation	Endstation
5	1173	131	227	1014	2993
9	2932	167	273	1014	1823
1960	678	5397	5471	1175	1756
2863	927	7793	7869	3243	3631
2987	1443	8595	8714	699	2759
3043	928	9652	9726	3631	3243
3054	270	9768	9962	2759	3125
3062	160	9813	9837	4718	3012
3084	1445	10035	10080	699	2759
3087	1140	10040	10080	3631	3113
3089	1961	10062	10080	3152	1419
