Costs	Duraton	Task_1	Task_2	Task_3	Task_4	Task_5	Task_6	Task_7	Task_8	Task_9	Task_10
1	407	1161	2232	2233	2071	2119	2120
1	459	4	2257	2258	1077	1078	1283	1284	1182	2832
1	433	755	12	13	14
1	472	286	287	288	1291	759	2492	2493	2494
1	450	1101	3056	3057
1	461	2188	2189	2190	2191	2461	2462
1	449	2488	2889	1332	1294	1723
1	436	1786	2892	1572	473	474
1	474	768	1579	1580	412	413	2052	2053
1	436	1510	280	281	282	283	1864	1865	1866
1	459	466	2156	1289	1290	289
1	466	2281	2282	2283	1210	1211
1	390	2771	2772	1062	1063
1	446	2368	276	1285	1286	1287
1	464	654	655	656	1570
1	446	1222	1414	2566	2567	2568
1	464	2869	2870	2871	2872	2873	372
1	466	1141	1073	1175
1	478	2294	2295	531	532	533	534	535
1	433	962	963	964
1	458	275	2369	2319	2320	650	651
1	373	1562	2735	2736	2676
1	448	1562	1972	1775	2319	2320	650	651
1	400	1722	1295	1296	1297
1	479	842	589	2179	2180	2181	2182
1	373	3003	1744	1745	1746
1	448	3003	2022	2023	2024	2866
1	449	1070	2778	2779	451
1	464	2881	451	2142	2143
1	480	412	413	1531	1304	1305
1	464	1306	1637	2965	32
1	464	35	3076	1805	1806
1	438	2316	2317	2318	2319	2320
1	409	1083	2740	1389	1390
1	470	1568	341	1389	1390	2680	2681
1	404	2894	2895	2793	2794
1	455	778	779	780
1	467	2704	3073	3074	3075
1	472	1544	1642	2523
1	456	392	335	336	2372	1818
1	454	335	336	393	394	395	396
1	454	1394	1395	1396	1397	1398	1399
1	445	1827	569	570	571
1	427	141	142	143	426	427	428
1	396	1487	1488	2526	1372	1373
1	416	1374	3022	3023	1850
1	363	1851	1652	159
1	382	2122	2123	2518
1	463	1812	331
1	439	1635	1837	1838
1	415	1264	135	136	137	138	321
1	382	2606	2607	2608	2609	2610	2611	2612	2613	2614
1	445	1658	1659	1660	1246	1247
1	440	1246	1247	644	645
1	408	989	990	991	992	1679	1680
1	429	1685	1686	1687	908	909	910	911
1	399	2695	2696	2697	1797
1	448	2695	2696	2697	2698	1900	1901	1902
1	435	1486	1647	1648	1649	1955
1	476	1848	2196	2197	2198	2199	1277
1	360	2638	1950
1	450	50	51	52	976	3044	335
1	440	2599	2600	1664
1	376	1665	1666	1667	1668	1669
1	381	2616	2617	2618	978	979
1	376	980	981	982	660	661
1	381	2399	2400	2401	2402	2403
1	452	2703	2024	2025	425	1000
1	470	686	2654	2655	2211	2212	2213
1	470	747	748	2481	691
1	470	885	886	698	699	2949	2844
1	470	1314	1315	1316	2239
1	470	955	956	855	1319
1	440	539	854	2238	1319
1	410	545	858	859	546
1	410	1322	2928	2929	2243
1	462	2041	2210	687	688	689	690
1	462	752	2218	2219	2841	2842	2843
1	462	695	696	2948	2220	2221	700
1	462	850	851	852	2969
1	462	542	1439	544	2240
1	429	653	654	655	656	657	1719	2743
1	451	2388	2389	1302	1303
1	469	2390	2391	2392	2277	2278	2279
1	451	367	368	2868	2869	2870	2358
1	436	2868	2869	2870	2871	2872	2873	2305	2360
1	376	2525	2641	2642	152
1	466	3042	3043	3044	3045	1460
1	466	1832	1631	1632	1633	191
1	463	242	243	828	829	830
1	463	1115	1116	1117	1118	1119
1	409	2545	2546	2547	2548
1	395	2549	244	245	902
1	376	2731	2732	2733
1	435	1859	169	170
1	425	1920	1868	1088
1	419	2155	1521	1522
1	400	112	2159	2160
1	479	2166	1027	1151
1	395	1879	1207	1208
1	379	2015	317	318
1	475	2345	946	1742
1	437	2455	1427	1428
1	462	169	512	1920
1	447	2095	2096	1866	1867
1	463	2153	2154	112
1	398	1921	2992	2157	2158
1	461	1524	1574	1575
1	465	3063	3064	2339	2340	2341	194
1	463	2013	2344	840
1	398	195	79	2017	2018
1	377	949	950	365
1	447	1048	1049	3011	3012
1	435	1368	1059	1060
1	450	438	439	2585	2586
1	479	569	2690	2691	1472	1473
1	471	2642	2643	2644	3020	3021
1	457	2986	2987	2153
1	429	1986	1987	1147
1	400	2709	2710	2875
1	472	2814	437	744
1	433	708	709	710	711	1032	1033	675
1	458	1252	1253	1254	1255
1	458	1481	1482	2521	786
1	473	2133	2134	2135	2136	2137	2138
1	413	2278	2279	2168	414	415	1533
1	431	1309	1310	199	588	589	2179
1	598	1076	1176	1177	1178	1179	1180	1181	277	1183
1	550	11	756	757	758
1	557	1331	1332	1333	1334	2494	2495	762	763	475
1	594	476	477	478
1	577	476	766	767	1022	1099	1100
1	560	720	2856	2857	2858	2859	2507	2508	2351
1	598	1040	1041	1042	200	1356	1357	1358	1359	1418	1419
1	598	730	1698	1699	1700	1701
1	589	1142	1384	1451	1452	1453
1	560	1078	1283	1284	277	1183	1184	457	458	459	460
1	596	1990	1991	1992	1993	1994	1995	1996	1577	1022	1023	1024
1	556	300	301	2167	2280	774
1	594	2054	2055	2056	124	3058	3059	3060	77	1212
1	505	1036	1037	1157	1105	312	313	314
1	565	1043	843	844	845	633	634
1	531	2295	2296	2297	2298	2456	2184
1	510	848	3008	3009	3010	1053	1054	1055
1	513	2185	2186	2187	2188	2189	2190
1	530	214	215	216	2582	2583	2584
1	582	1068	2817	2818	2819	379
1	541	1187	1188	2485	2486
1	524	290	291	292	293	294
1	560	1989	1990	1991	1994	1995	1996	1997	1340
1	541	1200	1201	1202	2051	2052
1	568	769	770	1830	772	773
1	524	2283	2284	2285	2286	2287
1	537	2556	2557	2558	309	310
1	590	311	131	718	1739	1740	2016	1310
1	568	1107	1108	1691	1692	1693
1	579	199	200	201	202	727	2801	2802
1	524	1044	1045	1046	1047	1048
1	533	2976	2977	2367	1771	1772	1773
1	586	1146	2387	1299	1300	1301	1302
1	577	416	1534	1682	1683	573	574	575	576
1	585	1964	2	3	4	2257	1280	2259
1	577	1382	1073	1074	1075	1076
1	583	2834	2835	2836	2837	2838
1	585	463	464	465	2487	2488	2889
1	574	2839	2840	2841	888	889	890	891
1	566	2492	2493	2494	2495	2496	2497	2660	2499
1	485	2009	2010	2289	2290	1737	1158	1159
1	560	1421	1422	1423	1424	1425	2457	2458	1365	489	490
1	535	491	492	493	494	495	496	2808	1753	1754	1755
1	564	1753	2772	502	503	504	2464	2465	1065	1066
1	594	2577	2578	737	738	739	740	741	2582	2583
1	594	1201	1202	1203	1204	1205	1206	2552
1	571	2553	776	777	1682	1683	573	574
1	571	2460	2773	1236	264	2879
1	537	2580	2581	742	439	1133	1134
1	582	418	1306	1637	2965
1	509	2881	1768	2086	1386
1	509	2997	2391	2392	2437	2902	2903
1	509	35	1594	1595	1596
1	588	868	869	870	2312	450
1	566	100	101	102	103	1814
1	560	103	104	389	2315
1	574	2319	2320	650	651	652	1567
1	560	1083	1084	1085	1821	2430	2431
1	561	1463	2377	557	344
1	537	1616	1617	1618	1390	2680	2681
1	565	342	343	344	345	346	347
1	533	659	983	62	561	562	2792
1	588	664	665	2435	2436
1	525	2894	2895	2896	2897	666	2436
1	566	2898	2899	2900	1927	1675
1	590	2898	2899	2900	1625	1626	1627
1	560	1927	1928	568	2755	1929	1930
1	573	1628	1629	938	939	940
1	505	2630	2631	572	1682	1683
1	586	2799	1733	1892	1893	1894	1895
1	524	420	421	422	423	424
1	590	1906	1803	3076	3077
1	561	1544	1545	1546	1547
1	591	1804	2028	2524	263
1	573	3078	3079	3080	3081	790	95
1	485	264	265	96	97	1602
1	566	96	97	98	1240	1241
1	590	1551	1552	2031	1913
1	524	1819	397	398	399	400
1	582	401	402	616	176
1	488	87	429	430
1	524	3023	1011	1851	1652
1	583	339	340	341	342	343	558	559	560
1	598	350	351	352	409	410	2391	2392	2393	2394
1	583	1624	2391	2392	2393	187
1	527	670	671	627
1	598	2395	2396	2397	1470	626	1932
1	583	1406	1896	3070
1	576	908	909	910	911	912	913	914
1	538	3071	139	140	83	84
1	586	85	86	87	88	89
1	558	145	36	431
1	530	90	91	2924	2925	1433	1434	1435
1	593	38	94	789	790	1649	1650
1	600	432	433	2527	2528	1956	1957	1958
1	540	815	610	611	612
1	572	1938	1939	1940	1941
1	587	2364	104	2426	2427
1	534	2424	2425	2426	2427
1	558	332	3043	3044	335	336	2372	2373	2374
1	583	610	817
1	543	612	613	614	615	2790	2791	563	564
1	592	818	819	561	2329	2330	2331
1	593	403	2383	2384	1525	1526	408
1	583	518	354
1	583	353	1261
1	583	1260	937
1	592	1262	1263	1630	1833	1834	1835
1	494	1630	1631	1632	1933	1934	1935	1936
1	583	359	2762
1	598	1943	1944	1841	139	140	141	142
1	600	2412	142	2125	1949
1	583	1844	1845
1	583	2639	2420
1	558	2526	1372	1238	43
1	534	44	45	154	155	2473	2474	46	47
1	593	2531	2532	154	155	2473	2474	2533	2201
1	492	2473	2474	2475	1013	2590	2591
1	550	450	2780	2781	2087	2088
1	532	646	647	648	649	1776	1777
1	554	2374	3047	3048	58	59
1	498	554	555	556	557
1	550	1615	3049	1388	1389	1619
1	531	1466	1393	1394	1395	350	351
1	595	985	2332
1	573	667	668	669	1400	1401	183	184
1	573	2436	2391	2392	2998	1788	1789
1	536	2333	2334	1678	1679	1680
1	595	2335	1836
1	507	1681	1682	1683	1684
1	513	1798	1799	1800	1801	1802
1	575	786	787	788	789	790	1649	1955
1	502	1644	1645	1646	1647	1648	1649	1955
1	583	1958	1959	1242
1	514	2132	2133	2134	797
1	597	3024	3025	3086	3087
1	509	1275	1276	2531	2532	2200
1	506	388	930
1	497	331	105
1	498	2425	2426	2427	2428
1	497	2429	1822
1	506	1673	1260
1	498	354	355	356	357
1	498	360	2763
1	496	324	325
1	497	1951	1846
1	547	806	807	808	809	2607	2608	2609
1	483	810	811	812	3043
1	539	1668	2612	2613	2614	2615
1	483	2380	2381	2382	617
1	553	2330	2331	2332	2683	2684	2685	2686
1	550	618	619	620	621	622
1	592	2687	2688	2689	626	2631	188	189
1	575	623	624	625	1471	1472	1473	1833
1	524	2404	2405	2406	2407	2408	2699	1946
1	544	1001	1002	1003	1004	1005	1006
1	575	92	93	94	789	3082	433	2527
1	590	1962	2253	2651	2652	2254	746
1	560	2210	2480	749	750	751	691
1	590	2943	2944	2945	2217	2218	2219
1	560	696	697	698	2221	2222	701
1	600	2947	2948	887	888	889	64
1	590	2845	2846	2847	2952	2953	2954
1	556	2112	2113	2230	2115
1	590	2228	2229	2230	2066	2067	721
1	590	1350	1351	1352	1163	1164	2235
1	496	2967	2968	1168	538
1	590	857	544	2240	2241	2242	858
1	530	2927	1321	545	858
1	530	2246	2247	2248	2249	2250	2251
1	582	2482	2483	2046	2217	885
1	552	2223	2224	2846	2847	2952	2953
1	492	2106	2953	2108	2955	2110	673
1	492	2848	2107	2108	2109	2110	2111
1	517	674	1034	1035	2062	2063	2113	2114
1	522	2066	2067	2068	2069	2070	2118
1	522	2072	2236	1167	1168	852	2969
1	492	1165	1166	1167	1168	852	2969
1	582	856	543	544	545
1	568	1773	1774	1973	1974	1860	1512	1717	1718
1	480	276	2831	167	168	1566
1	524	2893	2894	2895	2896	1297	1298
1	553	1923	1924	1925	1926	1625
1	568	1532	2906	1153	1154	1891	1892
1	506	1895	1587	1588	1220	1309
1	553	1600	1601	98	1960
1	589	2084	103	104	389
1	589	1271	1272	1273	1952
1	575	1492	1493	2036	3030
1	491	1087	173	174
1	491	1829	303	1831
1	537	952	953	2417	2418	2766
1	536	2535	2536	2537	2538	2539
1	521	510	107	232	233
1	521	240	241	2546	2547
1	571	823	824	2546	2547	825	826	827
1	545	1875	1876	1877	901
1	521	1113	1114	1228	1229
1	557	2919	2920	2921	2767	260
1	594	1120	1121	1122	1123	1124	1125	2194
1	539	1710	1711	1455	1456	2093
1	579	2981	1972	1973	1974	2985	2266
1	522	469	2746	472	1147	1148
1	555	1523	1988	1336	1337	1338
1	544	1987	1988	895	896	897
1	557	2161	2162	2163	2164	2165
1	538	1149	1876	1877	771
1	580	898	899	900	303
1	522	1029	305	306	307	308
1	546	1209	2005	713	714	715
1	588	1152	1153	1214	1215	1216
1	546	904	192	2014
1	578	2342	2343	318
1	593	1217	1690	2448	526	527	528
1	523	2015	2016	2017	2018	2019	2020
1	520	319	320	321	917	918	919	920
1	546	1743	1417	1360	1361	1362
1	572	2452	2453	2454	1225	1226	1227	257
1	588	529	530	2298	2299	2300
1	580	923	924	925	1369
1	544	599	600	1759	1760	1761
1	588	1127	1128	2467	2468	2469
1	530	1509	277	278	456	459	460	2151	2152
1	550	2988	2989	1516	1517	1518	1519	1520
1	524	467	468	1089	1090	1091	1092
1	495	113	114	2892	1572
1	505	1576	1577	1578	1341	1025	1026
1	513	302	1028	304
1	572	1880	1881	1882	122	123	775	776	2443
1	494	2907	2908	2559	2560	716
1	587	3004	3005	531	1425	1426
1	573	366	485	486	487	488	1056	1057
1	521	1364	1365	1366	1367	1430	641	148
1	495	1234	2460	2773	2774
1	494	2775	603	2815
1	571	454	2941	2942	2483
1	533	1104	1105	1106	718	719	720	2856
1	553	133	420	421	1266	1267	1268
1	598	1821	2788	2789	616
1	521	407	1527	2752	2753	2754
1	551	2923	1007	1008	788	789	3082	433
1	535	1375	1376	3084	1240	153	154	155	156
1	563	1501	1502	1503	3039
1	526	3038	3039	3040	3041	2092
1	579	2980	2981	1563	2264	2265
1	519	1507	2734	2263	2264	2265
1	551	1528	1529	302
1	596	2003	2004	2005	3062	2444
1	549	2445	2561	2562	2563
1	526	1362	1363	3013
1	531	2768	2769	2770	2192	2193
1	507	2876	1370	1371	434	435
1	574	3019	2877	600	601	602
1	598	2624	661	662	663	348	349	178	179	180
1	573	1979	1980	1981	1982	1983	1984
1	573	248	249	250	251	252	253
1	573	591	592	593	594	595	596
1	482	1858	1508	2263	1976	1977
1	500	2978	2979	1507	1971	1972
1	592	1777	1778	1616
1	490	643	1248
1	406	1072	1073	1965	1966	1967
1	470	2719	2720	2721	1132	1068
1	465	577	578	579	580	943	944	1221
1	436	2569	2570	2571	2870
1	427	285	2489	2490	2491	760
1	448	3003	3004	1269	2024	2866
1	435	2776	2777	271	272	273
1	465	1808	1809
1	389	419	420	421	1542
1	452	2024	2866	2867	369
1	456	3089	2038	2039
1	407	221	222	223	224	225	226
1	454	2090	333	334	3045	3046
1	386	938	939	190	1634
1	463	1839	1840
1	411	994	995	996	2410
1	380	1545	1483	1484	1485
1	365	2522	2523	2129
1	394	798	799	800	801
1	418	2764	2765	2419
1	380	2849	2225	2226	2227
1	470	2244	2245	2246	2247
1	372	68	69	2850	2851
1	462	1169	1170	540	541
1	462	542	1320	544	2240
1	429	653	654	655	1288	1719	2743
1	440	2600	2601	2602	2603	2604
1	460	1461	1462	1083	1084	1085	1086
1	466	175	404	405	406	407
1	431	234	235	236	237	238	239
1	431	2548	2549	831	832	833	834
1	471	109	1870	1871	2544
1	471	2911	2912	2913	2914	2915	255
1	440	329	330	2588
1	463	1998	1878	2551
1	466	2866	2183	683
1	464	407	408	1674	1928	568
1	471	1842	363	364	951	952
1	465	1457	1458	1459	1460	511
1	424	1564	1565	2738
1	403	150	151	435
1	440	396	2323	2324	2325
1	458	1792	1793	1794	1795
1	429	873	874	1770	1771
1	413	2742	2743	2993	2994
1	429	581	582	1410	1411
1	555	2885	2886	2839
1	583	1383	1384	1451	1452	1453
1	531	894	1095	1096	1097
1	598	29	30	1733	1734	1735	1736	130
1	598	203	204	2802	2803	2804	2805	681
1	541	636	637	638	639	1749
1	569	1204	1205	2439	2440	2441	2442	415
1	587	2306	374	1808
1	532	2256	5	1713	1714	166	278
1	536	680	536	537	1313	1170	1171
1	586	14	15	118
1	586	2501	2502	1888	1889	2503
1	561	1160	1161	1162	723	724	2293
1	521	500	501	1062	1063	1129	1130	1131
1	537	2149	2150	2097	1515	2990	2991
1	594	2992	2744	2745	1093
1	496	2553	2554	2555	1031	712	78
1	571	842	2510	2511	2024	2866
1	540	1697	846	847	2297	636
1	537	2802	2803	1050	1051	1052	682	2459
1	560	1747	1748	640	2361
1	524	1189	1190	1191	1144
1	582	34	1543	1804	1805
1	500	1810	2081	1604
1	500	1605	1606	2082
1	509	35	370	1595	1596
1	501	1549	1550	1911	1601
1	485	650	651	2677	2678	57
1	590	55	56	1082	2269	2270	2271
1	522	2432	2433	2434
1	579	2898	2899	2900	2901	2902
1	561	2795	987	988	2798
1	522	1931	1536	1537
1	518	1535	1536	2961	2962	2963
1	590	1538	1636	2964	1638
1	561	781	1539	1540	1541
1	573	134	135	1945	2702	2703
1	573	1639	784	1799	1800	2703
1	484	2512	2513	145
1	560	1272	1273	1952	1953
1	522	1954	1238	1239
1	561	1378	1379	1380	2140
1	519	3089	2140	1495	1607	1608
1	582	997	998	2412	2413
1	598	350	351	1623	1624	2391	2392	2393	2394
1	571	1400	1401	2796	2797	185	186	627
1	531	188	2959	2960	1405
1	598	1898	1899	2409	82
1	566	915	916	143	144
1	598	2415	2416	37
1	548	1374	1375	1376	3084	3085	3026
1	509	1648	791	792
1	510	1259	568	2755	355
1	558	1630	1474	1536	2961
1	600	2765	2419	2640
1	545	2526	1372	1238	2529	2530
1	516	2594	2595	2596	3031
1	573	450	2085	2086	1815
1	536	1248	1249	1250	647	648
1	573	1615	3049	2679	1391
1	485	2377	2378	2379	983	984
1	567	60	61	2433
1	550	2436	411	1581	1676	1677
1	559	2693	1403	1404
1	567	2128	1432	1955
1	509	1909	1910	1237	1238
1	573	1243	2363	1494	2037
1	506	609	816
1	496	2787	934
1	498	935	936
1	497	519	520
1	506	358	2761
1	497	2636	361
1	498	1845	2421
1	568	2409	2410	2411	2412	2413	2414	2514	2515
1	590	2208	2209	745	2041
1	560	2214	2215	2216	884
1	586	692	693	694	2946
1	560	65	2950	2951	2848
1	556	702	66	67	703
1	567	957	958	959	1437	1438
1	522	2650	2252	2652	2653
1	588	1558	1559	1560	1561	275
1	506	1895	1307	1308	1309
1	599	2303	3078	3079	789	3082	3083
1	537	1824	1825	1826	1827	1828
1	537	905	906	907	1688	1689
1	535	3034	3035	2536	2537	2538	2539
1	600	1855	1856	1505	1506	1457
1	521	835	836	2339	2340
1	548	3065	1690	2448
1	560	1230	1231	1232	1233	149	150
1	589	1918	1919	513	514	1869	1870
1	578	1556	2726	2727	2728	2729	2730
1	572	1508	1975	1976	1977	1978	231	1919
1	565	2452	1224	921	922
1	512	1429	1058	598
1	596	1969	1970	2094
1	494	1573	1574	1339
1	510	1030	1732	1733	1214
1	553	2878	1063	1064	2466	743
1	507	2816	2817	966	967
1	526	2479	2652	2042	2043
1	510	881	882	883	2047
1	500	1312	852	1314	2970
1	536	1449	1450	1451	2826
1	560	2025	2026	2027	1543	146	147
1	583	1671	1459	3046	932	933	1085
1	521	191	192	193	1217	3066
1	539	3067	3068	3069	2410	2411	2412
1	521	3072	2705	2706	2301	2922
1	535	1375	327	328	2470	2471	2472	156
1	506	2385	2386	2751
1	554	1999	2000	2001	2002
1	513	552	647	648	649	2370	2371	337
1	513	2326	1393	1394	1395	178
1	595	2497	2498	2499	1021	1098	1099
1	595	1125	1126	599	2813	436	2645
1	598	1901	2700	2701	2122	2516
1	575	2139	3088	2037	802
1	490	2376	1464
1	490	2628	2333
1	490	2127	1907
1	480	761	16	17	18	764	765	21
1	427	1039	2349	2350	2351	2352	2353
1	418	733	734	735	736	213	214	215
1	426	52	976	3044	335	336	337	338
1	410	704	70	71	2956
1	440	1719	1720	1721	1922
1	440	2359	2306	2307	1235
1	405	2827	1711	1712	1282	2983
1	579	1280	1281	6	1079	2736	1510	280
1	564	1184	1185	1513	1514	463	10
1	597	2860	2861	2862	2863	2864	2865	3005	3006	3007
1	576	1786	1787	1094	18	2749	295
1	576	2057	2058	2059	2060	2061	1213	2288
1	594	1751	1752	2715	2716	2717	2718	2719
1	560	2006	2007	2008	1890	2011	2012	717
1	534	1750	1751	497	498	2576	210	211	212
1	577	2817	2818	378	379	380
1	587	1411	1412	3003	1744	205	2568
1	586	2292	632	1698
1	559	2890	2891	471	2747	2748	19	20
1	560	1992	1993	1994	1995	296	297	298	299	1342	1343
1	574	1344	1345	1883	123	124	75
1	517	2809	2810	2462	2463	2464	2465	2720	2721
1	549	196	197	198	1694	1695	1696
1	593	2308	2579	2580	2581	217	218
1	572	52	53	54	2321	2322
1	507	2382	176	177
1	571	1400	1401	1468	1469	1470	626	627
1	534	1402	1677	1790	1679	1680
1	556	684	685	2040	2041
1	522	2231	1350	2117	722	1353	2234
1	568	2565	1415	1416	530	531	635	484
1	600	3015	3016	3017	3018	2194
1	589	256	257	2707	2708	3014	3015
1	510	2982	2983	2984	1860	2737
1	510	470	471	472	473	2750
1	572	2346	2347	2348	586	587	2509	2510	1223
1	510	129	1737	1738	719	720	2856
1	427	1075	1076	1176	876	165	878
1	445	1658	449	1246	1247
1	458	1481	2520	2521	786
1	598	286	287	288	1291	1292	1195	1196	892	893	1990
1	529	1784	1785	1786	1334	1335	1989	1990
1	576	1454	7	2146	2147	2148	2149	2150
1	557	315	316	841	842	843
1	597	315	197	585	725	726
1	588	1968	2828	2829	2830	1182	2675
1	591	1712	1713	1714	1715	1716	1186
1	560	3001	1408	1409	1309	3002	1413	1414
1	553	2573	2574	2575	2576	210	211	503	504	2464
1	586	2077	2078	505	506
1	574	2259	2260	2937	2262	1860	1861	1862	1863
1	530	853	2237	1316	1317	1318	1319
1	582	2854	2855	2231	1350
1	578	1556	1500	2730
1	557	2711	2712	2713	499	500	2811	2812
1	510	1061	2309	2580	2467
1	468	1177	1178	877	2673	2674	278
1	427	22	23	24	25	26	709	126
1	597	2670	2671	2935	2673	2674	278	279	280
1	571	2940	455	279	1511	2096	461	462	2098	2099
1	529	720	2068	2069	2070	1354	1355
1	546	115	116	117	1197	1198	1199
1	574	1884	1885	1886	1887	76	3061	1154	1155	1156
1	593	2800	728	729	1420	482	483	636
1	582	2064	2065	1349	2116
1	513	1741	947	948
1	500	945	946	2451	2021	2022
1	580	2582	2583	1067	440	441	965
1	558	2712	2713	2714	2715	1754	961	1756	1757	1758
1	564	123	124	125	3059	3060	77	2061	1036	1037
1	573	2852	2853	1729	1730	1731	2170	2171	2063
1	599	2933	2934	2672	2936	2261	2938	2939	2833	1328
1	599	1329	1330	1292	1293	1724	1725	1726
1	599	1727	1728	27	28	2171	2172	2173
1	433	164	2940	2941

MyIndex	Index	StartTime	EndTime	StartStation	Endstation
1	1446	103	170	1014	2997
2	1244	110	244	3631	1453
3	803	115	132	4513	927
5	1173	131	227	1014	2993
6	804	137	228	927	1479
7	1496	140	189	1014	5100
8	2666	163	348	1014	6142
9	2932	167	273	1014	1823
10	1656	175	213	4718	6263
12	2823	182	311	2759	699
13	1609	187	296	4718	877
15	1447	198	247	2997	3480
16	1497	205	233	5100	2997
17	1657	213	239	6263	4377
18	805	228	230	1479	4446
19	1323	243	278	1014	1469
20	1498	248	297	2997	3480
21	1916	263	365	3113	3631
22	1448	265	327	3480	6710
24	2725	272	352	1419	669
25	972	275	276	3638	2221
27	1324	278	294	1469	3125
28	547	280	325	960	4377
32	1610	296	296	877	1453
33	929	298	405	3911	1453
34	1764	299	307	6116	5379
35	2311	306	422	4377	4513
36	2422	307	363	877	3113
39	1499	314	387	3480	669
40	1245	316	417	1453	4377
41	1765	316	360	5379	5398
43	2478	324	422	4475	3125
44	548	325	330	4377	4718
45	605	327	448	7181	1075
46	1611	337	486	1453	4377
48	161	339	416	1756	1175
50	2667	348	373	6142	1722
51	3033	348	421	3243	3631
52	1557	350	396	669	3152
54	219	354	394	4630	6263
55	973	354	442	2221	14
57	2534	358	428	508	3631
60	2423	372	435	3113	1453
61	49	373	413	4630	6263
64	2880	384	434	2759	6849
66	549	386	420	4718	3012
67	1015	389	451	1938	1175
68	2973	389	445	5498	3125
70	1708	392	506	3113	830
73	1917	403	468	3631	508
75	1766	407	437	5398	6116
76	1661	414	437	4377	4446
77	550	420	434	3012	5078
78	871	424	485	4513	3870
80	1963	426	486	4621	5100
86	606	448	484	1075	997
92	642	458	493	997	1075
94	3036	466	512	5789	4185
96	2668	476	499	1722	6142
97	1071	478	560	1419	3480
98	2974	478	668	3125	2759
105	1767	501	759	6116	4513
107	1709	506	508	830	5789
110	2824	531	571	699	5287
111	607	532	562	997	1453
112	1662	533	584	4446	3349
115	2669	545	744	6142	7331
118	2365	553	639	4196	4513
123	2825	571	589	5287	3152
124	1278	573	782	1014	6142
129	872	594	718	3870	5915
132	551	600	615	5078	3012
133	1852	606	637	1197	3243
134	1813	608	756	3139	4196
138	1143	646	722	3480	1419
145	1663	678	723	3349	6296
147	2975	688	809	2759	699
152	507	716	785	508	3631
162	2882	760	902	4513	4238
167	2313	778	891	4377	5818
169	274	781	825	2759	1419
170	1853	783	850	3243	6888
173	875	799	922	5915	5100
176	220	812	844	6263	4718
181	1385	841	903	6710	4513
187	1854	850	888	6888	3631
188	1174	852	954	2993	7331
194	2255	876	936	4621	5100
197	2314	891	989	5818	4196
199	508	896	927	3631	2925
200	2366	897	962	4513	5915
201	1769	899	1043	3870	5915
202	2883	902	904	4238	4718
204	608	908	1088	1453	3139
206	2782	919	1180	4513	6116
207	3037	921	967	4185	830
216	1	950	1038	2221	7331
222	2605	960	972	3349	960
230	1325	978	1036	3125	5498
232	1279	984	1186	6142	7331
236	1016	992	1056	1175	1938
243	2540	1012	1086	3631	3243
246	1857	1030	1054	3631	6888
249	1504	1037	1075	4185	3631
255	2044	1045	1142	3125	4475
256	162	1052	1116	1175	1938
258	2656	1056	1072	4621	1175
259	452	1058	1110	6849	2759
261	1326	1058	1085	5498	4651
271	2657	1077	1151	1175	1756
277	509	1112	1141	2925	3631
281	163	1116	1117	1938	2993
286	453	1128	1322	2759	3125
296	2089	1142	1282	4377	1453
301	390	1153	1239	4196	4513
311	1612	1175	1233	4377	6804
314	2144	1178	1230	6849	2759
334	974	1231	1266	14	2221
342	106	1252	1370	3139	3113
360	227	1285	1412	4718	3251
363	1816	1295	1353	4377	6804
368	2091	1309	1363	877	3113
379	2145	1336	1470	2759	699
381	391	1340	1519	4513	4238
393	975	1366	1509	2221	6296
408	2884	1406	1504	4718	2221
409	1080	1408	1460	1419	2759
410	228	1412	1414	3251	1453
419	1327	1439	1477	4651	1014
430	1670	1474	1561	4446	877
453	229	1540	1677	1453	3631
489	230	1677	1787	3631	3243
504	1081	1711	1761	2759	6849
506	1672	1715	1953	1453	6116
513	977	1725	1770	4446	3349
518	931	1738	1845	3911	1453
519	2783	1739	1747	6116	5379
527	2784	1756	1800	5379	5398
528	879	1760	1788	4651	5498
530	2045	1764	1862	4475	3125
532	2541	1764	1856	3243	3631
534	813	1767	1888	7181	1075
537	1613	1777	1781	6804	6949
538	2658	1779	1856	1756	1175
540	2267	1781	1821	5789	4185
548	1614	1791	1854	6949	4377
560	1251	1813	1961	4630	7191
563	2268	1821	2041	4185	4513
564	553	1824	1880	4630	4377
566	1387	1824	1874	2759	6849
567	1817	1825	1865	6804	2262
569	880	1829	1885	5498	3125
570	1017	1829	1891	1938	1175
577	108	1843	1908	3631	508
579	2785	1847	1877	5398	6116
585	2542	1859	1888	3631	4185
586	284	1862	1898	1014	6900
587	1779	1864	1925	4513	3870
592	2786	1877	1939	6116	3139
602	2375	1904	1911	1453	1075
603	814	1905	1942	1075	997
605	171	1906	1952	5789	4185
609	2484	1918	2108	3125	2759
625	8	1971	2011	699	5287
640	2739	1999	2143	830	4196
641	9	2011	2107	5287	5100
642	2887	2013	2222	1014	6142
649	1780	2034	2158	3870	5915
659	1820	2082	2188	4718	877
667	2100	2101	2106	7331	3125
697	515	2197	2394	830	1453
713	1781	2239	2357	5915	5773
715	753	2245	2278	3638	2993
717	110	2255	2278	3631	6990
726	111	2278	2289	6990	5789
733	754	2292	2394	2993	7331
747	2741	2337	2402	4513	5915
748	1569	2339	2483	3870	5915
756	1782	2357	2411	5773	7073
757	2272	2359	2620	4513	6116
758	172	2361	2407	4185	830
777	2619	2400	2412	3349	960
784	2101	2418	2476	3125	5498
786	2888	2424	2626	6142	7331
793	658	2434	2519	3152	4513
802	1872	2470	2494	3631	6888
808	2543	2477	2515	4185	3631
809	2620	2477	2495	960	4780
813	1465	2484	2638	1075	4377
815	2048	2485	2582	3125	4475
816	3050	2487	2527	6849	2759
818	2659	2492	2556	1175	1938
824	1192	2498	2550	6849	2759
825	2102	2498	2525	5498	4651
829	516	2503	2621	1453	3911
836	1018	2517	2591	1175	1756
847	1783	2556	2567	7073	7331
850	1193	2568	2762	2759	3125
851	1256	2568	2643	7191	7181
853	2621	2568	2579	4780	7181
854	1985	2569	2690	3243	830
856	1392	2572	2633	4377	4630
861	2622	2579	2583	7181	4446
872	2623	2601	2619	4446	4780
877	1620	2615	2673	4377	6804
898	1873	2677	2749	6888	3243
905	1823	2692	2810	3139	3113
916	2327	2707	2771	4630	2221
917	2625	2711	2780	960	3251
923	820	2725	2852	4718	3251
928	1571	2745	2771	699	3152
934	1194	2762	2774	3125	1184
939	1145	2776	2910	2759	699
951	2328	2806	2949	2221	6296
969	2995	2845	2954	5915	2759
970	63	2846	2944	4718	2221
972	821	2852	2854	3251	1453
1012	822	2980	3117	1453	3631
1068	2996	3151	3201	2759	6849
1070	565	3155	3393	1453	6116
1073	2626	3160	3205	960	997
1077	517	3178	3285	3911	1453
1078	2273	3179	3187	6116	5379
1087	2274	3196	3240	5379	5398
1090	2103	3200	3228	4651	5498
1091	1874	3204	3296	3243	3631
1092	2049	3204	3302	4475	3125
1095	1257	3207	3328	7181	1075
1097	986	3217	3366	1453	4377
1098	1621	3217	3221	6804	6949
1099	1019	3219	3296	1756	1175
1105	119	3228	3253	6142	1722
1109	1622	3231	3294	6949	4377
1117	181	3243	3343	4780	7191
1123	1467	3264	3320	4630	4377
1124	3051	3264	3314	2759	6849
1125	2682	3265	3325	6804	4377
1126	2104	3269	3325	5498	3125
1138	2275	3287	3317	5398	6116
1141	1020	3296	3316	1175	1014
1152	3052	3314	3364	6849	2759
1162	2105	3335	3360	3125	4621
1163	2627	3338	3373	997	1075
1165	1258	3345	3382	1075	997
1170	120	3356	3379	1722	6142
1172	2050	3358	3548	3125	2759
1181	2276	3381	3639	6116	4513
1193	566	3410	3456	6116	3139
1211	2500	3453	3662	1014	6142
1217	567	3472	3651	3139	1453
1228	182	3528	3610	7191	4377
1241	1530	3576	3700	669	1419
1306	2550	3729	3737	3631	5789
1324	2438	3779	3923	3870	5915
1329	1582	3799	4060	4513	6116
1349	2629	3838	3943	4377	4513
1353	705	3846	3862	4621	1175
1359	121	3864	4066	6142	7331
1361	706	3868	3941	1175	1756
1364	2661	3872	3936	1175	1938
1368	3053	3879	3929	2759	6849
1377	246	3910	3934	3631	6888
1384	1346	3918	3937	7331	1175
1388	672	3922	4045	4238	3638
1391	1102	3925	4022	3125	4475
1392	2999	3927	3967	6849	2759
1398	3054	3938	3990	6849	2759
1400	707	3941	3996	1756	2993
1401	2756	3943	4061	1453	3911
1408	1347	3957	4031	1175	1756
1422	3055	4008	4202	2759	3125
1439	1150	4044	4097	4185	830
1443	72	4056	4095	4621	14
1445	2904	4058	4110	6849	2759
1463	2692	4100	4158	960	4377
1466	73	4111	4146	14	2221
1468	247	4117	4176	6888	3243
1475	521	4132	4250	3139	3113
1490	2632	4176	4305	4718	3251
1494	74	4185	4280	2221	7331
1498	2957	4195	4196	3638	2221
1506	2905	4216	4350	2759	699
1516	2169	4235	4325	1419	3480
1519	2958	4246	4389	2221	6296
1520	522	4250	4392	3113	3243
1539	417	4285	4394	5915	2759
1540	628	4286	4384	4718	2221
1545	127	4298	4330	6900	5498
1547	2633	4305	4307	3251	1453
1552	903	4319	4380	508	5789
1588	2336	4420	4557	1453	3631
1613	1475	4521	4588	4238	2354
1620	676	4547	4548	2993	1938
1625	2337	4557	4667	3631	3243
1636	2174	4593	4639	1823	2744
1637	2634	4595	4833	1453	6116
1644	2757	4618	4725	3911	1453
1645	1583	4619	4627	6116	5379
1651	1584	4636	4680	5379	5398
1653	479	4640	4668	4651	5498
1656	523	4644	4736	3243	3631
1657	1103	4644	4742	4475	3125
1660	2398	4647	4651	7181	4446
1663	1348	4659	4736	1756	1175
1664	2909	4661	4701	5789	4185
1669	2338	4668	4741	3243	3631
1673	2662	4671	4740	1938	1175
1674	629	4674	4762	2221	14
1684	1791	4693	4841	4630	7191
1685	2504	4694	4720	6142	1722
1687	2910	4701	4723	4185	508
1688	993	4704	4760	4630	4377
1690	2694	4705	4765	6804	4377
1691	128	4709	4765	5498	3125
1692	677	4709	4771	1938	1175
1699	837	4723	4788	3631	508
1700	2758	4725	4732	1453	1075
1702	1585	4727	4757	5398	6116
1708	1937	4738	4762	1453	997
1709	524	4739	4768	3631	4185
1710	1038	4742	4778	1014	6900
1712	941	4744	4805	4513	3870
1720	1476	4769	4874	2354	4238
1728	2759	4785	4822	1075	997
1729	2446	4786	4832	5789	4185
1731	2505	4796	4819	1722	6142
1739	1586	4821	5079	6116	4513
1749	2635	4850	4896	6116	3139
1751	2760	4852	4882	997	1453
1760	1477	4874	4880	4238	5078
1767	2291	4893	5102	1014	6142
1773	942	4914	5038	3870	5915
1774	1478	4920	4935	5078	3012
1780	1407	4952	5045	4513	3152
1783	31	4966	5026	1419	2759
1785	132	4974	5035	3480	6710
1795	3000	5008	5129	2759	699
1810	1218	5060	5075	3113	4196
1827	782	5098	5211	4377	5818
1832	838	5112	5169	508	3631
1834	1219	5113	5199	4196	4513
1835	583	5119	5237	5915	5773
1847	2175	5154	5291	2744	7331
1856	839	5169	5177	3631	5789
1866	1109	5197	5219	830	2925
1873	1897	5222	5224	4238	4718
1874	783	5225	5343	5818	4377
1877	2637	5228	5408	1453	3139
1881	584	5237	5263	5773	2997
1882	1589	5239	5500	4513	6116
1883	2447	5241	5287	4185	830
1892	1110	5255	5330	2925	996
1893	254	5258	5368	3243	3631
1904	2564	5275	5496	830	3152
1912	2176	5291	5451	7331	6849
1919	2506	5304	5506	6142	7331
1923	2663	5312	5376	1175	1938
1924	80	5314	5399	3152	4513
1930	2449	5332	5406	3631	3243
1935	2916	5350	5374	3631	6888
1936	1265	5353	5439	4196	4513
1937	1111	5354	5427	996	2925
1940	525	5357	5395	4185	3631
1946	33	5378	5430	6849	2759
1947	480	5378	5405	5498	4651
1950	1942	5378	5402	997	1453
1960	678	5397	5471	1175	1756
1966	1112	5432	5461	2925	3631
1971	1796	5448	5523	7191	7181
1973	2966	5448	5642	2759	3125
1974	2450	5449	5570	3243	830
1998	1640	5495	5553	4377	6804
2002	2177	5498	5550	6849	2759
2024	1479	5547	5587	3012	4630
2025	630	5551	5586	14	2221
2029	2917	5557	5616	6888	3243
2036	362	5572	5690	3139	3113
2059	1903	5615	5673	4377	6804
2064	631	5625	5720	2221	7331
2076	2178	5656	5790	2759	699
2078	81	5660	5839	4513	4238
2090	2121	5686	5829	2221	6296
2115	590	5739	6046	699	3243
2119	481	5759	5797	4651	1014
2151	1270	5879	5983	4513	4196
2163	731	5927	6033	1014	1823
2197	206	6031	6081	2759	6849
2199	322	6035	6273	1453	6116
2211	1843	6058	6165	3911	1453
2212	1590	6059	6067	6116	5379
2221	1591	6076	6120	5379	5398
2222	849	6080	6099	7331	4621
2223	2354	6080	6108	4651	5498
2226	1311	6084	6182	4475	3125
2227	2918	6084	6176	3243	3631
2229	1947	6087	6208	7181	1075
2230	2124	6090	6160	3349	1453
2231	999	6097	6246	1453	4377
2232	1904	6097	6101	6804	6949
2233	679	6099	6176	1756	1175
2236	1905	6101	6155	6949	4513
2244	2664	6111	6180	1938	1175
2247	2073	6115	6147	3638	1938
2251	2517	6123	6152	4780	3349
2255	1480	6133	6281	4630	7191
2260	785	6144	6200	4630	4377
2262	1641	6145	6205	6804	4377
2263	2074	6149	6211	1938	1175
2264	2355	6149	6205	5498	3125
2275	1592	6167	6197	5398	6116
2295	2519	6211	6245	6296	5885
2302	2126	6218	6253	997	1075
2305	1948	6225	6262	1075	997
2306	258	6226	6272	5789	4185
2311	2356	6238	6428	3125	2759
2321	1593	6261	6519	6116	4513
2328	954	6278	6401	4238	3638
2331	323	6290	6336	6116	3139
2354	2806	6333	6542	1014	6142
2387	2357	6448	6569	2759	699
2403	2302	6500	6515	3113	4196
2406	1702	6504	6509	7331	3125
2421	1703	6532	6565	3125	6563
2432	2572	6559	6682	5915	5100
2447	1704	6604	6637	6563	3125
2466	1705	6652	6687	3125	6563
2469	2304	6657	6722	4513	5915
2471	371	6659	6803	3870	5915
2474	1643	6665	6783	5818	4377
2478	2029	6679	6940	4513	6116
2479	259	6681	6727	4185	830
2489	2874	6698	6728	5915	669
2500	39	6719	6797	6296	997
2502	1706	6724	6757	6563	3125
2509	2971	6738	6796	3125	5498
2512	2807	6744	6946	6142	7331
2515	2075	6752	6816	1175	1938
2516	1431	6754	6839	3152	4513
2528	261	6790	6814	3631	6888
2539	1908	6804	6958	1075	4377
2540	1707	6805	6902	3125	4475
2541	207	6807	6847	6849	2759
2543	1172	6812	6876	1175	1938
2544	262	6814	6913	6888	4196
2546	2076	6816	6925	1938	6142
2549	1807	6818	6870	6849	2759
2550	2972	6818	6845	5498	4651
2551	1274	6823	6941	1453	3911
2564	2665	6868	6941	1175	1756
2567	732	6874	6966	1823	1184
2575	208	6888	7082	2759	3125
2578	1548	6888	6974	4513	6849
2579	597	6889	7010	3243	830
2603	40	6938	6962	997	1453
2604	1597	6938	6990	6849	2759
2623	926	6997	7056	6888	3243
2629	326	7012	7130	3139	3113
2650	2130	7055	7113	4377	6804
2651	960	7056	7126	2221	7331
2658	209	7082	7089	3125	1014
2662	1598	7096	7230	2759	699
2673	41	7110	7179	1453	960
2687	373	7155	7162	699	5915
2693	1436	7166	7264	4718	2221
2703	2926	7199	7264	4630	3638
2712	1599	7230	7252	699	3152
2714	1847	7237	7317	3139	3911
2733	1489	7300	7437	1453	3631
2735	2195	7310	7444	3631	1453
2746	1912	7364	7366	1419	6849
2757	2079	7398	7500	1014	14
2771	1651	7458	7599	4718	2354
2776	42	7480	7525	960	4377
2791	1009	7527	7648	7181	1075
2805	2131	7585	7645	6804	4377
2817	266	7624	7685	4513	3870
2820	375	7636	7694	2759	4778
2824	793	7651	7653	6296	4446
2827	1440	7656	7671	4621	3125
2829	1849	7658	7798	1453	4377
2833	1441	7678	7868	3125	2759
2837	376	7694	7818	4778	6563
2838	2080	7700	7744	14	3125
2839	2030	7701	7959	6116	4513
2840	1010	7704	7858	1075	4377
2844	2310	7714	7727	1419	4778
2848	604	7731	7850	5789	3243
2849	794	7733	7784	4446	3349
2863	927	7793	7869	3243	3631
2864	267	7794	7918	3870	5915
2870	99	7825	7892	4513	3870
2878	1069	7854	7915	3480	6710
2886	795	7878	7923	3349	6296
2887	1442	7888	8009	2759	699
2894	1135	7922	7924	1419	6849
2895	796	7923	8011	6296	7191
2899	268	7940	7947	5915	699
2900	377	7943	8032	6563	7331
2911	1136	8025	8111	6849	4513
2917	157	8063	8153	877	4446
2918	1762	8063	8205	5789	669
2919	2587	8072	8257	669	830
2923	1012	8099	8245	4718	877
2925	1553	8119	8380	4513	6116
2938	1603	8208	8294	4513	6849
2939	1763	8208	8300	669	1419
2941	3027	8219	8368	4718	3251
2944	158	8232	8285	4446	4238
2945	1137	8239	8328	4513	4196
2947	1653	8242	8262	4238	6263
2952	968	8283	8437	669	830
2957	1138	8337	8384	4196	1453
2958	1014	8343	8507	3113	830
2961	48	8348	8530	1453	3139
2962	1377	8353	8439	4196	4513
2963	2820	8359	8440	1014	2997
2964	1914	8361	8463	4513	4377
2965	3028	8368	8420	3251	4196
2968	860	8406	8417	4621	1070
2969	2589	8418	8529	5789	3113
2970	969	8437	8446	830	3631
2971	2722	8445	8533	1014	2997
2973	381	8459	8533	3480	669
2974	442	8464	8528	1014	2997
2975	2821	8464	8511	2997	3480
2976	861	8474	8500	1070	4010
2977	1915	8495	8553	4377	6804
2978	2822	8529	8608	3480	1419
2979	382	8536	8681	669	830
2981	2723	8542	8587	2997	3480
2982	2032	8544	8581	6849	3959
2983	443	8547	8593	2997	3480
2986	2476	8593	8685	877	4446
2987	1443	8595	8714	699	2759
2988	444	8596	8670	3480	669
2989	2033	8597	8657	3959	4513
2990	970	8600	8698	3631	3113
2991	2724	8619	8678	3480	6710
2992	445	8673	8818	669	830
2993	383	8681	8683	830	5789
2994	1139	8740	8877	1453	3631
2995	1490	8750	8884	3631	1453
2996	446	8818	8820	830	5789
2997	971	8903	9005	3113	3631
2998	2034	8953	9012	4513	3959
2999	862	8979	9049	4010	6563
3000	2035	9020	9060	3959	6849
3001	1654	9046	9070	6263	4377
3002	863	9049	9096	6563	4888
3004	2592	9068	9174	1453	3911
3006	1811	9118	9308	3125	2759
3007	1491	9135	9182	1453	4196
3008	1554	9141	9399	6116	4513
3009	269	9147	9287	699	2759
3010	2593	9185	9291	3911	1453
3015	2362	9225	9311	6849	4513
3020	2930	9294	9315	4621	1014
3022	1444	9328	9449	2759	699
3030	3029	9433	9519	4196	4513
3034	2202	9548	9654	1453	3911
3035	1555	9559	9820	4513	6116
3036	2646	9561	9607	4185	830
3040	384	9596	9843	5789	3480
3043	928	9652	9726	3631	3243
3045	2203	9665	9771	3911	1453
3046	2597	9673	9759	4196	4513
3050	2931	9682	9819	1014	2993
3054	270	9768	9962	2759	3125
3056	2204	9771	9771	1453	877
3058	1381	9772	9833	4377	4630
3059	2205	9772	9937	877	4238
3061	2647	9787	9789	830	5789
3062	160	9813	9837	4718	3012
3063	864	9816	9904	4888	2997
3065	2141	9843	9860	4513	927
3066	2477	9856	9886	4446	960
3067	385	9860	9906	3480	2997
3068	2648	9878	10025	5789	669
3069	447	9887	10036	5789	669
3070	1655	9892	9953	4377	4630
3071	386	9915	9965	2997	3480
3073	865	9929	10012	2997	7331
3074	3090	9935	9993	4377	6804
3075	2206	9937	9939	4238	4718
3076	387	9975	10059	3480	699
3078	3032	9990	10059	1453	960
3079	2207	10011	10080	4718	4513
3080	866	10012	10014	7331	1014
3081	867	10014	10058	1014	6900
3082	2598	10022	10080	4513	1419
3083	2083	10033	10080	2759	4513
3084	1445	10035	10080	699	2759
3085	2649	10035	10058	669	6710
3087	1140	10040	10080	3631	3113
3088	448	10043	10080	669	1419
3089	1961	10062	10080	3152	1419
