Costs	Duraton	Task_1	Task_2	Task_3	Task_4	Task_5	Task_6	Task_7	Task_8	Task_9	Task_10
1	382	242	243	244	245	246
1	381	2012	2013	2014	2015	2016
1	388	2354	1816	2033	2355	633	634
1	389	467	468	469	470	471	472
1	466	473	2696	2697	2698
1	444	1067	1068	1069	1070	1071	787	788
1	430	2609	2610	2611	1464
1	394	1056	2727	2728	2729
1	469	1428	1429	2210	2419
1	439	2223	2224	1187
1	456	2243	2196	2197	1906	1907
1	403	71	72	73	74	75	1087	1088
1	389	623	624	911	912	913	457
1	450	51	52	53	54	1992	1784
1	423	1591	1592	1794	2003	2004	2005	2006	2007
1	439	1415	445	446
1	415	2527	2528	768	769
1	360	1779	2212
1	462	1682	1683	918	876	877	919
1	462	1443	1444	237	1446	1447	1937
1	372	1690	1691	1692	850
1	432	1700	1747	1951	1703
1	462	1949	1950	1951	1952	860	1531
1	410	56	2214	1002
1	471	1185	2595	1011	2597	1186
1	419	980	981	982	2612	903	904
1	471	1817	1818	1819	2097	2098
1	440	1800	1801	1802	1803
1	458	2615	2616	2617	2618
1	400	305	306	2126	2127
1	465	2370	2371	1550	1551	1552	1483
1	465	379	380	381	1242	1243	1345
1	449	1403	666	667	183
1	449	2652	2653	2448	2449	1027	1028
1	429	2330	2331	1349	1350	1351
1	464	993	1062	1063	107
1	389	1842	796	797	900
1	452	2636	650	651	652	653	654
1	435	970	971	972	973	974	975
1	374	199	200	201
1	467	2284	2285	1306
1	422	1892	128	1191
1	424	1265	147	327
1	421	1668	1669	1767
1	454	2679	2680	1541
1	424	1006	1007	2596
1	377	1297	2283	2495
1	478	1406	1407	1408	1409
1	409	2499	137	977
1	395	2139	1046	1047
1	466	1411	801	802	803	136
1	366	588	589	2039	2040	2527	2528
1	476	2719	2720	2721	1100	1101	1102
1	453	596	1884	1885	1886
1	437	1294	1883	1884	1885	1886
1	431	505	1643	1644	1645	1646	1647
1	418	1367	1368	1621	1622	1861	1862	1863
1	409	498	2641	2642	499
1	395	597	1124	500	598
1	427	1575	2447	2654	1196	1197	1198
1	427	611	612	613	614	1606	1607	1208
1	690	551	552	553	554	1795	2169	1511	1512	2115
1	544	2116	2117	2118	2119	2120	2121
1	524	2017	2018	2019	2020	2021	2022	2023	77
1	558	981	982	2612	2613	985	986	1809
1	575	1087	1088	986	1809	31	32	33
1	524	34	35	36	37	38	39	40	41	42
1	631	23	24	25	1084
1	682	1085	1086	76	2192	2193	2194	2195	2196	2197	815	816	817	818
1	692	784	785	6
1	620	7	8	9	551	2386	483	242	243
1	665	1781	1782	1783	290	291	292
1	695	293	1240	1241	382	2220
1	599	1343	1726	1727	1728	1729	1730	11	12
1	695	2304	2350	453	2352	2353
1	665	1323	1324	1325	2358	217	218
1	560	334	1958	1780	335
1	698	374	375	376	337	338
1	679	1381	1382	2159	1440	53	54	1827
1	484	474	475	1993	1994	2161	2162
1	485	1720	1721	342	343	344
1	655	1828	1829	1830	1831	2384
1	561	1066	2699	433	434
1	680	1066	1067	1068	1069	1070	1071	1072	1073	1074	1075	2221
1	527	2385	2386	483	484	485
1	695	486	487	897	898	899
1	561	14	2229	249	17
1	679	796	797	1896	1897	133	134	1165
1	657	796	797	2176	2177	2178	2179	2180	2604	2605	2336	2337
1	705	18	19	803	804	64	1255	1256
1	561	2608	576	577	2464
1	661	1257	1258	1259	2188	2240	2241
1	715	2187	2188	2189	2190	2191	30	78
1	700	2465	2466	813	814	581
1	693	79	80	81	82	1981	1982
1	706	79	80	81	82	83	84
1	564	2467	1422	1423	1424
1	679	1421	2027	823	824
1	560	150	151	1094	1095
1	603	85	86	87	88	756	828
1	713	2518	2519	2205	2206	2207	829	830
1	485	829	830	2208	2209	2416
1	718	462	463	2418	2106	1430
1	685	2154	2155	2156	465	466	2157	2158
1	664	421	422	2157	2158
1	597	465	466	2586	2587	426
1	668	465	466	1823	1824
1	488	423	424	425	1381	1382
1	641	1383	1384	288	289	1784	1785	1993	1994
1	485	2699	2700	2701	2702	2703	2704	550	551	552
1	641	1183	1184	1507	1508	1509	1510	1511	1512
1	664	557	558	2229	2230
1	711	1513	1514	1515	560	2233
1	659	791	792	793	794	795	796	1252
1	628	791	439	440	2231	2232	252
1	664	253	1415
1	507	2335	2606	2607	2338	2339	1166
1	717	1974	1975	1416	1417
1	629	572	573	574	2460	2461	2462	2463
1	656	65	66	67	68	69	70	71	982	2612
1	595	1465	2246
1	497	455	456	457	2205	2206	43	44
1	514	2472	2473	2474	2475
1	597	2101	2102	2103	636
1	671	1056	1057	2476	2477
1	617	346	347	2222
1	507	1908	2202	2203
1	488	2204	2032	2033	2355	2356
1	618	287	288	289	1784	1785	476	477
1	669	1784	1785	1786	1787	1788	1789	1068	1069
1	603	478	479	480	481	482
1	601	792	1158	1159	131	132
1	571	439	440	15	16	250	251	2123
1	598	562	563	564	565	2122	19
1	589	1898	1899	64	1255
1	589	1089	1090	2246	580
1	717	2244	905	906	907	908	909	910
1	668	2358	2359	2360	2361	2362	2363	2364	2365
1	490	2228	441
1	490	452	2468
1	616	57	58	2592
1	699	2008	559	489
1	703	1965	1081
1	703	62	63
1	712	1967	1968	1969	1970	1971	1412	1413	1414
1	720	800	1412	1413	571	572
1	616	1900	1901	1083
1	664	805	806	807	1167	1168	1169
1	703	2711	1902
1	534	26	27	28	29
1	656	2191	77	1810	1811
1	616	1091	1092	1813
1	703	1812	2716
1	703	2715	1815
1	697	2717	2718	2719
1	640	1816	2033	2355	2356	1097	1098	1099
1	671	1816	2033	2355	1771	2720	2721
1	497	2037	2038	2722	2723	2039	2040	2527	2367
1	612	2722	2723	2039	2040	2041	2042	2043	769
1	689	1774	1775	2106	1430	1431	1432
1	497	1631	1587
1	618	1631	1961
1	626	1588	1792
1	497	2592	60
1	569	61	1080
1	617	1079	2708
1	498	1966	1967	1968	1082
1	626	491	447
1	497	1083	2713
1	498	2712	1170
1	689	2714	1814
1	618	1171	990
1	617	1093	152
1	675	2704	550	10	1731	1732	2387	2168	2169	2170	2171	2172
1	706	872	873	1681	1682	1683	641
1	500	640	875	2051	841	1685	1686
1	680	842	1686	1687	1688
1	630	1444	1445	238	239	240	1734
1	710	850	851	1735	1736
1	710	1743	2560	394	395	1524	1525	1526
1	680	1699	1746	1948	2565	2566	1528	1701	1702
1	710	2568	1704	1705	1706
1	680	1954	2571	2572	1614	702	2573
1	627	2574	2575	706	2252	2253
1	719	706	707	1536	709	710
1	530	2254	2255	47	48
1	710	711	2148	2256	712	2578	2257
1	522	1680	2047	2048	1681	916	2049
1	702	2048	1681	916	917	1684	642
1	702	843	844	845	846	847	848	849	1691
1	706	928	1693	1938	852
1	642	1449	1450	1940	1941	350	854
1	492	853	1739	1740	2557	2558	2559
1	700	1455	1456	1457	1458	2065	2066	2561	2562	2563	2564
1	702	1744	1745	1746	1948	2565	2566	2567	1529
1	702	1953	861	2569	2570
1	702	1612	1613	1614	359
1	582	1614	1707	1955	2574	2575	2576
1	702	705	2145	2146	2147
1	702	2577	363	2255	47	48	49
1	612	2255	47	48	2149
1	492	1582	1583	1584	1585
1	503	1791	1792	1793	1794
1	672	1795	1796	1797	1798	1799	1800	1189
1	521	2225	2598	127	128	129
1	672	1972	1973	1255	2503
1	672	1904	1905	2198	2199	2200	2201	1909
1	535	217	218	219	2525	2526	2722	2723	2724
1	679	373	2588
1	679	1470	1425
1	679	2105	1776
1	513	1439	1440	53	54	1992	1784	1785	476
1	603	2685	101	102	103	2532	1550	1288	1379
1	687	323	2084	1038	1039	1040	1041	583
1	519	2383	659	660	2331	2332
1	697	732	733	894	1839	1840
1	715	2602	1895	1896	1897	2124	2125
1	655	307	308	309	310	1258	1259	1260	143
1	593	2345	1754	1755	1756	403	404	405
1	615	1662	1663	1664	1665	521	522	271
1	630	698	699	1765	1766	755
1	688	408	409	2142	2143	1619	413	1621	1622	90
1	571	272	2315	828	829	1050
1	593	89	1623	1624	1625	1537	1538	1865	1866
1	537	91	92	1539	2682	2683	2684
1	611	720	2266	722	723	1337	113	1722
1	568	2603	1521	1522	607	2457	2458
1	717	2302	2303	2304	2305	2306
1	662	2307	1213	1214	1215
1	586	110	111	112	1338	1339	232	233
1	659	2166	2167	301	302	303	304	734	735
1	669	2181	2605	2606	2607	2338	2127	307	308	309	310	311
1	694	312	313	314	315	316	194	1605	2299	2300	2301	2081
1	601	2394	2075	2076	2508	2509	2299	2300
1	671	2343	2344	2128	2129	2402	2403	2404
1	587	527	1216	1217
1	659	1502	658	659	660	887	888	729	730
1	524	662	663	664	665	666
1	677	2492	2493	2494	2549	2550	2551
1	684	680	681	682	683	684	1654	1655
1	707	2300	2301	2081	2082	2083	2084	2085	2086	2087	2088	2089
1	652	2381	2382	2326	2327	2328	2329	2330
1	661	965	966	1894	1022	1023	1024	1025	1026
1	648	2553	2554	2555	2556	353	1453	1454	1455	1456	1457	1458
1	631	615	616	695	1662	1663	1664
1	669	1755	1756	403	267	268	269	1762	1763	1764
1	576	1329	1330	1177	644	645	646	721	2267
1	654	2268	1930	1931	1932	1933
1	598	2276	2277	2278	2330	1566	1567	891	1300
1	593	931	2544	2545	2546	1299	1300	1301	1302	1303	668
1	703	669	1697	1698
1	697	393	1200	2454	2455	2067	2068	2069	2662	399
1	620	1361	1362	1363
1	574	949	2313	1916	1917	414	415	416	1673	1674
1	571	1625	276	277
1	550	1548	1549	1224	1225	1712
1	689	1175	1176	2263
1	678	1713	1873	1874	1875	1876	1877	1490	1491	1492	1493	1494	1495
1	713	1561	1562	1563	1564
1	661	1565	1566	1567	1568	1569	1570	1571	124	667	668	669
1	689	192	193	319
1	615	947	948	949
1	606	206	207	2412	950	951	274	275
1	674	103	2532	1550	1288	1379	1380	376
1	629	1061	334	1481	376
1	629	341	114	115
1	703	116	117	118	1838
1	584	895	1516	1517	1518
1	509	2184	2185	2186	810
1	629	2349	150	1982	1983
1	629	1052	2525	635	833
1	702	1979	2349	1423	1472	1473	1474
1	647	158	159	160	161	162	163
1	656	1880	1120	657
1	695	2645	2383	1347	120
1	524	1503	1504	1006	1007	1008	1247
1	683	1298	2547	1404	2599	2600
1	693	2548	1405	1893
1	618	1013	735	736	737	738	739	740	741	742
1	671	676	2498	1649	1650	1651
1	704	976	2072	2073	2074	2075	2076
1	711	1600	1461	2075	2076	2077	2078	2079
1	590	1261	1313	1314
1	618	148	1040	1041	1042	1043	1044	1045
1	666	1670	1671	584	585	1858	1275
1	553	1049	1672	1277	1865	1540
1	526	2484	2422	2423	2633	1233
1	714	2484	225	226	227	2424	2425	2426	2427	2428
1	608	1988	2633	1291
1	655	1234	1388	1236	1237	1238	655
1	671	652	1882	1295
1	698	2436	1887	1888	1889	1890	1007	1008	1009	1010
1	554	1307	1308	1309	603
1	531	2506	2507	2508	616	617
1	655	618	264	265	1666	1667
1	616	200	1856	1141
1	658	328	329	330	331	2093	2094	2095
1	574	2096	1048	1860	1372	1373
1	585	586	1859	1860	417	418
1	507	1377	1112	1869
1	517	1235	1341	656
1	698	1012	2286	184	185	186
1	636	187	188	2070	2071	141
1	708	2660	2661	2664	2665	2666	513
1	670	685	686	687	688	689	690	691	692	693
1	632	1599	1261	1262
1	711	139	140	2667	2668	262	263
1	651	514	515	516	517	518	1854	1855
1	631	1263	145	146	1266	1267	2669	2670
1	607	619	2134	2135	2136	2137	2138
1	691	519	520	2090	2091	1912
1	640	2671	2672	2673	1768
1	711	2136	2137	2092	2093	2094	2095	1274
1	692	1913	1914	273	952	953	954	955
1	630	1769	1770	633	2678	419
1	662	760	761	764	765	766
1	537	1186	1187	1188	1189	1190
1	537	2500	2501	2502	2503	2504
1	537	620	621	622	1909	1910
1	660	1911	2674	2675	2676	2677
1	645	2678	1374	587
1	596	2719	2720	2721	1100	1101	154	155	156
1	717	1609	325	1039	1040	1041	1042	2308	2309
1	500	357	1614	1707	1708
1	608	2625	2626	2627	2628	2629	2421
1	720	2625	2626	2627	2628	1116	1117
1	619	1633	2640	2641	2642	2643	1121	1122	1123	1885	1886
1	521	501	502	503	504
1	664	1648	1410	1130
1	521	1129	1130	1596	1597
1	612	255	509	510	685	686	687	688
1	483	1598	978	2505	2667
1	675	747	748	749	750
1	608	2670	2136	2137	2092	2093	1320
1	712	1317	1318	1319	752	332	2676
1	641	753	754	1914	212	213	214
1	657	1312	1313	1263	1264	1853	1854
1	573	1634	1635	1636	1637	1638	1639
1	573	256	257	258	259	260	261
1	573	1268	1269	1270	1271	1272
1	599	2060	2061	2062	2063	2064	1029	1030	2294
1	589	1316	1317	1318	329	330	331	2093
1	480	1876	1877	1337	1338	2271	2272	2273	2274
1	661	962	670	2288	2552	2553	1576
1	657	1696	670	2288	2552	2553	1576
1	638	1760	1761	700	358	1615	1955	1956
1	705	914	915	2048	1681	916	1922	1923	958
1	382	2121	566	567	568	569	570
1	415	492	2190	1903	516
1	458	545	546	547	548
1	458	2236	2237	2238	73
1	413	826	827	2316	1051
1	465	1217	1218
1	465	214	215	216	217	992
1	466	1990	1991	1992	290	291
1	409	1125	503	504	505
1	471	1132	1133	1134	1135	1136	747
1	427	2275	2278	932
1	659	2016	981	982	983	984	985	986
1	654	1809	1810	819	820	821
1	620	533	534	535	775	538	539
1	659	997	998	53	4
1	657	2116	2117	2118	1160	1161	1162
1	586	534	535	775	538	539	540
1	620	541	542	1825	1826	5
1	589	333	334	1958	1780
1	574	493	494	811	812	2303
1	669	1482	718	719	2695	1718	1719
1	679	1381	1382	427	1826	1827
1	579	339	340	1065	2163	2219
1	560	294	295	296	297
1	697	345	346	434	298	299	300
1	706	2338	2339	2340	2186
1	579	2133	906	907	908
1	685	2154	464	465	2158
1	616	1995	1996	1997	2699	2700
1	573	429	1724	1181	1182
1	701	429	430	431	432	549	550	551	552
1	696	2111	2112	553	554	555	556
1	694	1998	1999	2000	2001	2002	555	556
1	682	791	439	440	1251	797	2334
1	687	1255	1256	575	808	809	902
1	706	1976	1977	901	1463	1464
1	679	2351	2352	2518	2519	2520	2521	2522	2523
1	719	1098	2621	2103	1427
1	684	625	626	627	628	629	630	631	632	2356	2357
1	490	2585	1823
1	677	2583	592	1959	1960
1	587	1480	1958	1959	1960
1	689	1514	1515	388	2333	798	799
1	720	904	2194	2195	2244	2245	450	989
1	653	1816	2033	2034	2035	2036
1	506	1777	593
1	496	59	2593
1	590	1735	1736	1737	1451
1	676	1946	1947	1527	2565	1747	858
1	650	1581	1582	2258	1584
1	612	879	1689	881	925
1	492	701	1615	360	361
1	698	130	1163	1164	135
1	688	2099	2100	2622	2366
1	679	387	1843
1	679	1426	2104
1	607	1672	1673	1674	1675	1280	1281	1282
1	496	2489	2490	2491	1349	892	893
1	712	696	697	2513	2514	2515
1	682	1289	165	1879	1236
1	629	1014	1015	1016	1017	1018	1019	1020	1021
1	546	2459	2185	2341	2342	2343
1	629	149	582	1214	87
1	698	2688	2689	1553	164	1290	2425
1	662	1830	234	1345	1833	1834	1835	1836
1	666	2394	2395	2396	2397	2343	2401	2301	2081
1	653	2533	2534	1226	1227	1228	1229	1230	1231
1	720	173	1394	884	885	886	661
1	703	125	126	2442	2443	2444
1	649	2511	2512	698
1	653	699	2407	2408	2409	208	209	210	211
1	647	762	96	366	1626	1627
1	633	1304	1305	2601	2650	2651
1	675	674	675	743	744	678	679	2451
1	552	2655	2656	2657	606	189
1	683	2452	2453	396	397	398	2663	1656
1	700	1603	317	318	1035	1036	1037
1	688	1753	2346	2347	2404	2405	2406
1	646	941	942	943	944	945	946	1764
1	686	404	405	406	407	408	409
1	678	270	523	584	1914	1915
1	711	410	2312	2413	2414	2415	91	92
1	705	1222	1223	1224	2691	1330	1177
1	682	1499	176	177	2540	2541	2542	2543
1	606	2555	2556	353	354	391	392	2293
1	680	2448	2449	2292	2066	2456	190	191
1	708	1605	1606	1035	1757	1758	1759	1760
1	673	320	321	322	323	324	943	944	945	946
1	629	993	716	375	336
1	682	118	119	120	1248	2389	2390	2391
1	719	2348	2349	1471	1472
1	500	835	836	2107
1	590	1554	1555	1556
1	662	2681	2682	1919	1920	1676	1677	1678
1	563	1113	1114	1115	2629	2630	2631
1	719	1192	1193	1194	2656	2657	2658
1	616	1653	511	512
1	559	1542	1820	1679
1	692	1870	1871	1872	2693	2635	2636	2637
1	689	2633	2634	1336	1878	1879	1880	1881
1	711	1989	1386	1292	1293	2643
1	714	142	143	144	1264	1265
1	679	1360	1361	613	1750	1751	195
1	586	935	1738	1452	354
1	647	1154	2538	847	848	2539	178
1	710	222	223	224
1	535	2479	2480	2481	2482	2483	2484
1	521	1118	595	2641	2642
1	600	503	504	505	506
1	657	2497	604	1649	681	2659	745
1	595	1857	1858	1859	758	759	956
1	628	2439	503	504	1126	1127	1128	600	601	602
1	599	2261	2262	1927	1928	723	724	725
1	559	1595	1596	1597	1133	1134	1135
1	626	2057	963	964	2553	1576
1	462	701	1615	1616	1617
1	435	2530	2531	104	105	106
1	402	2310	2311	2143	2144	706	707	708	414
1	480	1199	1200	1201	1523	608	609	610
1	659	822	2028	2029	2030	2031	2205
1	720	536	537	776	777	778	779	780	781	782	471
1	620	1161	1162	2122	19	20	21	22
1	695	13	896	488	798
1	588	2388	2389	1250	559
1	603	2187	2397	2398	2399	2400	2129	2130	2131	2132
1	688	83	525	526	527	528	529
1	717	2524	831	832	1427
1	572	1056	1057	1058	1059
1	719	438	439	440	2175	1896
1	673	71	72	2239	2240	2241	2242	2243
1	720	2215	1589	1590	1591
1	710	878	920	880	845
1	710	1448	1938	1939	1940
1	618	1242	1243	1244	1245	1246	1009	121
1	658	2602	1022	1195	2450	1460
1	632	1723	2218	2164	2165	1833	1834
1	694	2689	2690	2691	2692	1714	1715	110	111
1	572	1232	2488	2376	2377	231
1	612	2327	2328	728	889	890	1400	1401	1402
1	661	1861	1862	1863	1864	93	94	95	763
1	712	1873	1874	2322	2323	2378	2379	2380
1	718	2280	2281	2282	666	2287
1	669	1350	1301	181	182	671	672	673
1	719	2314	2315	757	1276	1277	1278	1279	1918
1	633	1333	1334	1335	2375	2376	2377	2378
1	579	194	1605	1606	1364	940	941	324	1610
1	593	939	195	196	197	198	265	266	267
1	559	2279	2280	2492	122	123	1572	1573
1	661	2517	825	826	529	459	460
1	702	2183	2184	1848	1978	1204	1205
1	690	967	968	605
1	691	2484	2485	2486	228	2636
1	643	1387	1388	1389	1238	655
1	674	677	969	1650	1651	1652
1	586	1398	1399	1568	1569	1352
1	652	1640	1641	1642	599	600	601	602
1	699	1136	693	694	2080	2081	2082	1315
1	440	1615	703	704	362
1	462	1949	859	1530	1531
1	617	2031	458	1096	1097
1	598	1511	437	561
1	689	2216	2217	1724	1725	2220	1076
1	710	638	639	874	916	1922	2050
1	676	921	922	923	924	925	926
1	632	1003	1004	1296	1505	1506
1	670	1832	1346	1347	1348	731	732
1	661	1872	2693	2694	2427	1557	1558	170	171	172
1	673	230	1490	1560	1496	1497	1498	1499	1500	1501
1	586	1934	1935	1936	927	928	929	930
1	692	1178	1179	1180	2376	2377	2378	2379
1	703	1156	1157	388	2392
1	679	1979	1980	1471	495
1	614	2632	2487	649	650	651
1	714	2638	2639	2640	2643	2644	2435	1005
1	402	1942	1741	1742	1945
1	669	1482	1483	1484	1485	1486	1716	1717	1718	1719
1	693	1344	1345	1346	1347	2646	2167	301	302
1	720	1184	1507	1508	2224	2225	2226	2227	2706	2707
1	694	349	350	351	352	1943	1944
1	521	136	137	138	978	979
1	651	2373	2374	647	648	1557	1558	2324	2325
1	496	2290	2291	1459	1028	1201	1202
1	568	1486	1487	1488	166	167	168	169	2324	232
1	704	2427	2428	2429	2430	1239	1240
1	672	1766	2140	2141	2142	2143	1619	1620	1369	1370	1371
1	716	183	2289	2650	2445	2446	2653	2654
1	649	1331	1332	2263	2264	2265	2266	2267	2268	2269	2270	1559
1	708	229	1489	1339	1340	2431	2432	2433	2434
1	675	1929	2269	2270	1339	1390	1391	1392	1393	174	175
1	688	1601	1602	1603	1604	1752	1660	1661
1	673	1656	1657	2297	2298	2510
1	685	2410	2411	411	412	1917	414	415	1862
1	663	1608	1609	325	326	202	203	204	205

MyIndex	Index	StartTime	EndTime	StartStation	Endstation
0	713	52	129	4513	3152
1	1283	103	170	1014	2997
2	772	115	132	4513	927
3	1327	131	227	1014	2993
4	773	137	228	927	1479
5	1108	140	189	1014	5100
6	1147	163	348	1014	6142
7	2260	167	273	1014	1823
8	1434	175	213	4718	6263
10	2369	182	311	2759	699
11	1478	187	296	4718	877
13	1284	198	247	2997	3480
14	1109	205	233	5100	2997
15	1435	213	234	6263	4718
16	774	228	230	1479	4446
17	1220	243	278	1014	1469
18	1110	248	297	2997	3480
19	221	263	365	3113	3631
20	1285	265	327	3480	6710
22	157	272	352	1419	669
24	1221	278	296	1469	1014
25	591	280	325	960	997
29	2582	298	405	3911	1453
30	1629	299	307	6116	5379
32	1630	307	360	5379	3139
33	1867	307	363	877	3113
34	714	309	508	3152	4196
37	1111	314	387	3480	669
38	371	316	360	5379	5398
39	1822	316	417	1453	4377
41	839	324	422	4475	3125
43	957	339	416	1756	1175
45	1148	348	373	6142	1722
46	2624	348	421	3243	3631
47	1378	350	396	669	3152
48	1986	350	372	508	4185
51	1	354	442	2221	14
52	50	354	394	4630	6263
55	497	358	428	508	3631
58	1586	372	435	3113	1453
59	285	373	413	4630	6263
63	1436	386	420	4718	3012
64	2318	389	445	5498	3125
66	1868	392	506	3113	830
70	372	407	437	5398	6116
72	1437	420	434	3012	5078
74	2686	424	485	4513	3870
80	840	455	480	3125	4621
82	2584	458	493	997	1075
86	1149	476	499	1722	6142
87	1479	476	476	877	1453
88	2319	478	668	3125	2759
91	1286	481	517	6710	1035
104	1150	545	744	6142	7331
106	1778	548	728	1453	3139
107	1287	552	586	1035	6710
108	715	553	639	4196	4513
114	2108	574	619	7191	5885
119	2687	594	718	3870	5915
121	1438	600	615	5078	3012
127	2372	646	722	3480	1419
134	994	671	774	4513	4050
138	2109	700	746	5885	7191
155	1710	774	838	4621	2221
163	286	812	844	6263	4718
172	1328	852	954	2993	7331
173	995	857	937	4050	7181
184	717	899	1043	3870	5915
190	2535	915	920	7331	3125
192	1987	921	967	4185	830
193	1151	924	996	7331	5498
196	996	937	941	7181	4446
203	1711	950	1038	2221	7331
233	2536	1045	1142	3125	4475
234	1924	1052	1116	1175	1938
237	2052	1056	1072	4621	1175
238	1152	1058	1085	5498	4651
247	2053	1077	1151	1175	1756
254	1925	1116	1117	1938	2993
260	2320	1128	1322	2759	3125
282	643	1176	1197	4621	1014
284	108	1178	1230	6849	2759
300	2	1231	1266	14	2221
301	1926	1234	1330	2993	7331
305	543	1252	1313	4377	4630
306	594	1252	1370	3139	3113
316	783	1271	1340	960	3251
321	999	1285	1412	4718	3251
329	1385	1309	1363	877	3113
334	2321	1322	1329	3125	1014
340	109	1336	1470	2759	699
354	3	1366	1509	2221	6296
369	1441	1406	1504	4718	2221
370	1000	1412	1420	3251	1075
381	377	1439	1489	6849	2759
393	55	1474	1561	4446	877
416	1632	1540	1677	1453	3631
435	378	1622	1751	2759	699
474	2213	1738	1845	3911	1453
475	2589	1739	1747	6116	5379
483	2590	1756	1800	5379	5398
484	1153	1760	1793	4651	5498
488	2537	1764	1862	4475	3125
491	428	1777	1830	6804	4377
492	2054	1779	1856	1756	1175
502	1442	1794	1882	2221	14
508	2591	1800	1891	5398	3139
513	544	1813	1961	4630	7191
518	1064	1824	1874	2759	6849
519	2160	1824	1880	4630	4377
521	959	1829	1891	1938	1175
524	1119	1832	1946	3113	830
552	1001	1905	1942	1075	997
558	1155	1918	2108	3125	2759
590	1342	1999	2143	830	4196
594	786	2024	2070	3349	4446
610	1790	2082	2188	4718	877
615	2110	2088	2170	7191	4377
619	1395	2101	2120	7331	1175
658	235	2239	2357	5915	5773
660	882	2245	2278	3638	2993
668	1962	2272	2451	3139	1453
678	883	2292	2394	2993	7331
698	236	2357	2418	5773	4621
699	383	2359	2620	4513	6116
730	1396	2428	2501	1175	1756
733	960	2432	2496	1175	1938
740	2437	2470	2494	3631	6888
754	2055	2492	2556	1175	1938
755	2438	2494	2566	6888	3243
759	179	2498	2525	5498	4651
764	1397	2501	2554	1756	6142
765	1963	2503	2621	1453	3911
779	726	2554	2646	1823	1184
807	789	2615	2673	4377	6804
832	727	2687	2700	1184	7331
836	2113	2692	2753	4377	4630
837	2594	2692	2810	3139	3113
878	241	2806	2949	2221	6296
895	1837	2845	2954	5915	2759
896	1733	2846	2944	4718	2221
898	933	2858	2890	6900	5498
904	1694	2879	2958	4621	1938
916	1249	2923	3069	1419	4513
935	1593	2980	3117	1453	3631
978	1077	3155	3393	1453	6116
984	1964	3178	3285	3911	1453
985	384	3179	3187	6116	5379
993	385	3196	3240	5379	5398
994	180	3200	3238	4651	1014
999	2647	3204	3302	4475	3125
1000	2705	3207	3328	7181	1075
1002	435	3217	3221	6804	6949
1004	961	3219	3296	1756	1175
1005	436	3221	3264	6949	2262
1006	2496	3221	3261	5789	4185
1010	1353	3228	3253	6142	1722
1013	1695	3231	3300	1938	1175
1021	2173	3243	3343	4780	7191
1024	348	3253	3318	4630	3638
1027	2114	3264	3320	4630	4377
1028	790	3265	3325	6804	4377
1029	934	3269	3325	5498	3125
1030	2056	3269	3331	1938	1175
1039	1594	3283	3348	3631	508
1041	386	3287	3317	5398	6116
1048	2440	3301	3328	3631	996
1049	1574	3302	3338	1014	6900
1060	247	3331	3365	6296	5885
1070	2058	3355	3539	1014	2744
1071	1354	3356	3379	1722	6142
1072	2648	3358	3548	3125	2759
1075	1891	3363	3408	2949	830
1081	1355	3379	3487	6142	2993
1092	1078	3410	3456	6116	3139
1125	2174	3528	3610	7191	4377
1127	2059	3539	3585	2744	1823
1137	248	3580	3626	5885	7191
1139	2441	3587	3637	996	830
1168	2649	3661	3705	2759	1419
1170	1841	3667	3669	1419	6849
1193	1356	3732	3834	2993	7331
1229	2009	3830	3912	4377	7191
1237	855	3846	3862	4621	1175
1244	856	3868	3941	1175	1756
1258	507	3910	3934	3631	6888
1269	442	3924	4078	1075	4377
1271	355	3925	4022	3125	4475
1276	389	3938	3990	6849	2759
1280	490	3943	4061	1453	3911
1287	1577	3957	4031	1175	1756
1297	390	4008	4202	2759	3125
1301	2010	4008	4083	7191	7181
1303	1253	4012	4073	4377	4630
1321	1519	4058	4110	6849	2759
1337	1804	4107	4147	3012	4630
1338	508	4117	4176	6888	3243
1345	2234	4132	4193	4377	4630
1346	2709	4132	4250	3139	3113
1357	443	4175	4233	4377	6804
1368	1520	4216	4350	2759	699
1393	2182	4285	4394	5915	2759
1402	1805	4319	4383	4630	2221
1429	254	4420	4557	1453	3631
1441	1031	4483	4668	1014	6142
1472	2295	4593	4639	1823	2744
1479	2710	4618	4725	3911	1453
1480	1844	4619	4627	6116	5379
1487	1845	4636	4680	5379	5398
1489	1357	4640	4668	4651	5498
1491	1310	4644	4736	3243	3631
1494	2011	4647	4651	7181	4446
1497	857	4659	4736	1756	1175
1508	1806	4674	4762	2221	14
1513	1846	4680	4709	5398	6116
1517	2235	4693	4841	4630	7191
1518	1032	4694	4720	6142	1722
1520	1254	4704	4760	4630	4377
1522	444	4705	4765	6804	4377
1523	936	4709	4771	1938	1175
1524	1358	4709	4765	5498	3125
1531	1131	4723	4788	3631	508
1537	1311	4739	4768	3631	4185
1545	1359	4765	4817	3125	5100
1546	937	4771	4850	1175	2993
1555	1033	4796	4819	1722	6142
1562	1847	4821	5079	6116	4513
1601	1203	4966	5026	1419	2759
1604	400	4981	5053	7331	5498
1611	2393	5008	5129	2759	699
1643	1658	5121	5130	7331	1184
1653	2296	5154	5291	2744	7331
1687	1748	5250	5275	4621	3125
1699	1749	5275	5327	3125	5100
1720	1462	5314	5399	3152	4513
1728	1137	5350	5374	3631	6888
1733	746	5357	5395	4185	3631
1737	401	5378	5405	5498	4651
1757	1206	5448	5642	2759	3125
1781	1418	5495	5553	4377	6804
1785	1849	5498	5550	6849	2759
1792	1034	5522	5707	6142	7331
1801	2024	5540	5598	960	4377
1806	1807	5551	5586	14	2221
1807	938	5554	5650	2993	7331
1808	1138	5557	5616	6888	3243
1814	448	5572	5690	3139	3113
1815	578	5572	5633	4377	4630
1832	1659	5602	5686	1184	2997
1836	2025	5615	5673	4377	6804
1843	1207	5642	5649	3125	1014
1849	1850	5656	5790	2759	699
1861	1808	5686	5829	2221	6296
1875	1466	5722	5924	1453	6116
1888	402	5759	5797	4651	1014
1889	862	5759	5904	4621	6142
1897	1851	5790	5996	699	5593
1927	1365	5927	6033	1014	1823
1955	1852	6030	6056	5593	830
1968	449	6058	6165	3911	1453
1969	1467	6059	6067	6116	5379
1973	1468	6067	6105	5379	5398
1978	1209	6080	6108	4651	5498
1980	356	6084	6182	4475	3125
1981	1139	6084	6176	3243	3631
1984	1611	6085	6104	7331	4621
1985	987	6087	6208	7181	1075
1987	1419	6097	6101	6804	6949
1988	1578	6099	6176	1756	1175
1990	1420	6101	6155	6949	4513
1998	1532	6111	6180	1938	1175
2008	2614	6133	6281	4630	7191
2009	863	6134	6160	6142	1722
2012	579	6144	6200	4630	4377
2014	2026	6145	6205	6804	4377
2015	1210	6149	6205	5498	3125
2027	751	6163	6228	3631	508
2028	1469	6167	6197	5398	6116
2035	1140	6179	6208	3631	4185
2050	451	6218	6253	997	1075
2053	988	6225	6262	1075	997
2058	864	6236	6259	1722	6142
2060	1211	6238	6428	3125	2759
2085	865	6305	6504	6142	7331
2127	1212	6448	6569	2759	699
2135	524	6475	6595	6710	3870
2144	866	6504	6509	7331	3125
2156	867	6532	6565	3125	6563
2161	2516	6547	6549	1419	6849
2179	868	6604	6637	6563	3125
2194	869	6652	6687	3125	6563
2201	454	6665	6783	5818	4377
2226	2247	6718	6823	4377	4513
2229	870	6724	6757	6563	3125
2234	1709	6738	6796	3125	5498
2240	1533	6752	6816	1175	1938
2252	1321	6790	6814	3631	6888
2263	2469	6804	6958	1075	4377
2264	871	6805	6902	3125	4475
2267	1579	6812	6876	1175	1938
2268	1322	6814	6913	6888	4196
2270	1534	6816	6925	1938	6142
2273	1172	6823	6941	1453	3911
2274	2248	6823	6949	4513	4630
2286	1957	6868	6941	1175	1756
2289	1366	6874	6966	1823	1184
2298	1475	6888	7082	2759	3125
2299	2619	6888	6963	7191	7181
2300	1273	6889	7010	3243	830
2322	1984	6938	6990	6849	2759
2329	1535	6962	7147	6142	7331
2333	1618	6966	6972	4621	750
2341	1142	6997	7056	6888	3243
2347	991	7012	7130	3139	3113
2365	2470	7055	7113	4377	6804
2373	2249	7088	7133	4630	5078
2376	1985	7096	7230	2759	699
2391	2250	7133	7138	5078	4718
2404	2251	7166	7264	4718	2221
2437	1772	7300	7437	1453	3631
2443	45	7343	7425	4377	4630
2463	46	7425	7490	4630	3638
2471	1326	7458	7599	4718	2354
2490	2620	7527	7648	7181	1075
2502	2471	7585	7638	6804	4377
2512	530	7624	7685	4513	3870
2515	496	7636	7694	2759	4778
2524	153	7670	7851	3139	1453
2525	1476	7678	7868	3125	2759
2533	2317	7714	7727	1419	4778
2534	364	7716	7774	4621	6563
2550	1143	7793	7869	3243	3631
2551	531	7794	7918	3870	5915
2555	420	7819	7861	5789	4185
2556	220	7825	7892	4513	3870
2571	1219	7888	8009	2759	699
2576	278	7917	7922	7331	3125
2578	2623	7924	8015	4718	2354
2580	532	7940	7947	5915	699
2581	365	7943	8032	6563	7331
2584	2417	7968	8054	4513	6849
2590	97	8001	8005	7331	4888
2592	461	8025	8111	6849	4513
2599	2725	8063	8153	877	4446
2610	2726	8153	8242	4446	7191
2611	279	8158	8313	3125	6849
2615	1821	8208	8300	669	1419
2624	834	8319	8348	6849	2759
2625	2529	8343	8507	3113	830
2628	2368	8348	8530	1453	3139
2630	1053	8361	8463	4513	4377
2632	2579	8406	8417	4621	1070
2633	767	8418	8529	5789	3113
2634	367	8445	8533	1014	2997
2637	1054	8463	8489	4377	6263
2639	2150	8466	8481	4621	3125
2640	2580	8474	8500	1070	4010
2641	637	8495	8553	4377	6804
2642	1628	8529	8608	3480	1419
2644	368	8542	8587	2997	3480
2645	280	8544	8581	6849	3959
2647	2044	8593	8685	877	4446
2648	369	8596	8670	3480	669
2649	281	8597	8657	3959	4513
2650	1144	8600	8698	3631	3113
2651	1580	8639	8671	1938	3638
2652	370	8673	8818	669	830
2653	770	8740	8877	1453	3631
2654	1773	8750	8884	3631	1453
2655	1145	8903	9005	3113	3631
2657	2581	8979	9049	4010	6563
2659	1055	9046	9070	6263	4377
2662	2151	9118	9308	3125	2759
2665	1173	9185	9291	3911	1453
2668	282	9199	9287	4513	4377
2671	283	9287	9292	4377	4718
2676	1174	9308	9414	1453	3911
2677	2152	9328	9449	2759	699
2685	2730	9490	9513	4377	4446
2687	590	9548	9654	1453	3911
2692	1543	9596	9843	5789	3480
2694	771	9652	9726	3631	3243
2696	1103	9665	9771	3911	1453
2699	1921	9682	9819	1014	2993
2702	1477	9768	9962	2759	3125
2703	1104	9771	9771	1453	877
2704	1105	9772	9937	877	4238
2705	2420	9772	9833	4377	4630
2707	284	9813	9837	4718	3012
2708	98	9816	9904	4888	2997
2709	2259	9834	9895	4621	3638
2710	2211	9843	9860	4513	927
2711	2731	9856	9886	4446	960
2712	1544	9860	9906	3480	2997
2713	1375	9887	10036	5789	669
2714	2478	9892	9953	4377	4630
2715	99	9915	9965	2997	3480
2716	2045	9917	10017	4446	4513
2717	1545	9929	10012	2997	7331
2718	1060	9935	9993	4377	6804
2719	1106	9937	9939	4238	4718
2720	100	9975	10059	3480	699
2721	837	9984	10021	6849	3959
2722	1433	9990	10059	1453	960
2723	1107	10011	10080	4718	4513
2724	1546	10012	10014	7331	1014
2725	1547	10014	10058	1014	6900
2726	2046	10022	10080	4513	1419
2727	2153	10035	10080	699	2759
2728	838	10037	10080	3959	4513
2729	1146	10040	10080	3631	3113
2730	1376	10043	10080	669	1419
