Costs	Duraton	Task_1	Task_2	Task_3	Task_4	Task_5	Task_6	Task_7	Task_8	Task_9	Task_10
1	470	3156	3157	921	922	923	3161
1	470	3166	3167	2364	2365	2366	3171
1	470	3090	3091	3092	3093	3094	3095
1	462	1733	1734	2294	2295	1737	1738
1	433	2284	2285	2286
1	465	1405	1969	1970
1	421	29	30	1992
1	472	967	1639	2105
1	478	2796	2797	2798	2799
1	379	1206	2140	2141
1	479	3139	1634	1635	2175
1	458	2174	523	2701	3143
1	446	1147	1698	484	485	486
1	438	590	2110	2111	2112	2113
1	460	1290	1291	1292	751	587
1	463	2640	2641
1	471	706	1849	1600	1601	1602
1	466	1567	1568	1569	1570	1571
1	475	2256	1217	1218	1219
1	456	673	674	675	2951	2952
1	417	1505	1506	1974
1	458	2573	2574	2575	1615
1	458	883	884	885	886
1	473	689	690	691	692	1115	1116
1	360	2642	158
1	431	2439	2440	2731	2732	2733	2734
1	463	2028	2029	2030	2031	2032
1	471	2029	2030	2031	2032	2320	2321	2033
1	471	1369	1370	1371	1372	1373	2329
1	476	1837	1838	1839	2591	2592	1053
1	710	905	906	54	55	907	908	909	806
1	682	807	808	809	810
1	710	985	75	927	928	929	930	931	932
1	560	987	79	80	988	989	990
1	680	3172	2369	2370	1281	1282	3081	995	996
1	680	2382	2383	1526	2385	2386	2387	2388	1008
1	710	2480	1010	2392	2393	2394	585
1	710	1530	1531	1532	1012	1013	1014
1	650	1015	1016	1017	1018	1019	1020
1	530	1017	1018	1019	1020	1021	1022
1	672	1731	1	906	54	2292	2293
1	702	914	915	916	917	1743	1744	1745	1746
1	702	3159	3160	3161	72
1	642	924	925	984	985	986	987
1	642	982	983	984	985	75	76	77	78
1	705	3169	3170	1913	1914	1915	1277	1278
1	492	994	3174	2373	3082	3083	3084
1	582	998	999	1000	1001	1678	1679
1	647	2062	2291	2552	2553	2609	3
1	695	1386	1387	2352
1	583	1395	1396	1397	1398	1399
1	615	3061	3062	3063
1	682	440	2119	2120	2121	2783	2784	2785	2786	2787	2788
1	677	3064	3065	1907	1908	1909	2670	2671	444	445
1	615	1355	1356	1357
1	665	1411	1412	829	830	1207	2630	2631	2202	2203
1	615	2095	2096	2097
1	646	1032	1352	1202	1408	1409	1410	2626	2135	2136	2137
1	700	89	1154	1155	1156	1157	1158	1159	2462	2463
1	711	1342	1496	1551	2615
1	690	1403	2128	2129	2130	2131	2132	2133
1	702	2317	2318	1082	1083	1084	1085	345
1	683	2631	2632	2633	2676	2677	2678	2679	2680	2681	2682	2683	2684
1	702	1420	1421	2941	2942	2943	2944	402
1	713	795	1996	849	850	851	1164	1165	1166
1	688	2558	2559	1492	1493	1494
1	708	1336	1337	2721	2722	2723	2724	2725	2726	2727	2728
1	704	10	11	12	13	758	759
1	524	2122	2123	2124	2125	2126	1349
1	643	2930	2931	393	394	27
1	704	494	495	496	497	498	499	500	501	502
1	711	1575	1576	501	502	503	504	505
1	643	1925	1926	1927	1928	2168
1	618	254	1708	1709	1710	957	958	959	960
1	690	964	3142	369	1885	1886	1887
1	690	1892	3046	2056
1	711	2008	2009	2010	1257	203	1543
1	543	714	2508	2243	1306	1307
1	706	825	826	827	830	831
1	706	2453	2454	2455	1095	1096
1	714	843	844	845	846	2158	509
1	648	510	511	512	1711	1712
1	565	2170	2171	2172	2817	2818	2819
1	719	1629	1630	1631	3140	3141	965	1637
1	547	859	2336	2337	45	1385
1	616	1886	1783	310
1	611	2909	2910	2911	2912	2913	1962	1963
1	683	2843	2844	2845	2846	1196
1	714	1964	1965	1966	1967	1968
1	557	657	658	659	660	661
1	601	2800	2450	1364	1365	1366
1	607	2932	1572	1573	785	786	787
1	640	840	841	842	1993
1	588	847	848	1999	2000	2001
1	662	3020	3021	306	307	308
1	620	627	1631	1175	1176	1177
1	682	1597	1332	1333	1334	1335	1336	2840	1495
1	629	1311	1312	1313	181	182	183	184	185
1	594	2614	758	759	1350
1	571	2804	2805	2806	2807	2808	2269	300
1	560	2426	2427	2428	2173
1	687	439	974	975	976	977	978	979
1	702	1147	2673	2674	2675	23	488	489	2681
1	703	397	398	399
1	598	3132	1518	1519	1520	1521
1	586	1934	1525	3182	3183	3184
1	586	22	1361	1980	1981	1513
1	588	2896	2897	2898	268	166
1	525	2975	2976	2977	313	314	315	166
1	705	2983	2984	210	211	1898
1	621	2018	2019	1898	1066	1067
1	706	2114	2115	2303	2304	1065	1066	1067	1660	1900
1	716	321	322	1066	1067	1068	1069	1070
1	560	709	710	711	2024	876	877
1	693	1901	1902	1903	1904	3066	1554	226	227
1	526	716	717	2994	2995	718	719
1	693	228	229	230	231	595	596	597	598	599
1	679	1670	1671	1316	2523	3008	240	241	242
1	655	2417	2418	2419	2420	2421	2422	500	32
1	561	245	1320	247	1223
1	702	2691	2041	733	734	1469	2269	2270
1	701	2086	2087	2088	2808	2809	2810
1	705	672	673	2872	2873	35	1471	1472
1	693	2269	2270	2271	2272	1045	2811	2812	2813	2814
1	560	2811	2812	160	161
1	607	1473	1474	1475	363	364	2471	1588
1	715	2815	2816	2429	2540	2541	2698	2699	2700
1	619	1589	1590	2967	2968	2969	2970
1	693	2701	2702	2703	2704	632	2971	2888
1	614	524	525	526	3194
1	672	2769	1729	1730
1	519	2894	3106	116	117	118
1	664	2978	165	318	319
1	623	1448	1655	1656
1	699	320	2112	2113	2504	2505	756	378
1	668	125	126	2190	2191
1	673	327	328	329	330	1555	1556
1	664	2192	2853
1	690	1613	1614	879	880
1	677	549	550	2522	2856	2857	2858	2859
1	717	2860	2861	1221	1222
1	643	2692	733	734	1469	2269	2270	1470
1	664	34	2874
1	668	2537	682	2760	2761
1	673	1049	2430	105	106	107	108
1	597	1112	1113	2823	2824
1	709	111	1478	2431	2432
1	534	1845	1846	533	534
1	616	2238	2239	3116
1	703	537	2242
1	558	2509	2850	2851	386	387
1	703	2079	1457
1	703	3119	1818
1	586	2410	601	2747	2748	2749	2750
1	702	1458	1459	602	1568	1569	2257	2258	2259	2260
1	558	602	603	604	605	606
1	616	2637	2638	669
1	664	1819	2752	2753
1	703	668	1623
1	703	1461	2641
1	702	1465	1466	1467	1468	2584	2585
1	616	1830	1831	159
1	703	2586	1834
1	703	738	2587
1	703	1840	1841	2595	2596	2597	2598	2599	743
1	656	2489	2490	2491	270	271	272	273
1	660	2500	2501	1653	1654	2397	208	209	210	211	212	213	214	215
1	657	216	217	218	219	220	221
1	544	133	134	135	136	137	138
1	575	235	236	237	2744	2745	2746	2857	603
1	655	242	293	2525	2526
1	610	1821	1822	1823	2527	2528	2529	2530	2531
1	571	1824	1825	1826	889	890	154	2583
1	553	735	736	36	37	38	39
1	524	40	41	2880	2881	2882	2883	2884	2885	2964
1	620	1650	1651	1652	1653	1654	2397	2398	2399
1	692	697	269	2492	2493	2494	2495
1	703	542	223	224	2994	2995	2246	2247	2248	2249
1	672	2244	2245	2996	2997	2998	2999	1079
1	632	1080	1081	832	1566	1567
1	537	1602	1603	1604	2023	712
1	537	2736	2737	2738	1079	1080
1	537	2933	2934	2935	2936	2937	2938	2939
1	605	2038	2039	2040	248	249	250
1	612	2003	2004	2643	2644
1	660	1628	1434	1384
1	659	2741	2742	2743	139	140	141	936	1215
1	719	2953	2954	2955	1105	1106	2539	2540
1	719	3049	3050	3051	2901	753	754
1	719	1064	756	174	591
1	524	472	591	592	473
1	675	474	475	476	2623	1755	1756	1757	1758
1	708	1862	2629	1208	2412	1673
1	702	726	1868	1869	1041	1042	1043
1	712	802	1949	901	902	1479
1	661	1760	1761	1670	1671	1672	1272	1273
1	661	1213	1214	2415	2416	939	940	941	942
1	589	267	460	461	462	463
1	717	1799	1800	1801	1802	1803	1804
1	717	2948	2269	2270	1325	1326
1	662	1327	99	100	101	799	800
1	645	595	1560	1561	1562	1563	1270	1271
1	661	1586	1109	2762	2763	2764	2765
1	669	311	312	698	699	700	701
1	530	702	703	275	276	3056	3057
1	684	702	703	704	705	208	209
1	557	2234	2235	2236	2237	2189	1897
1	669	210	211	2985	2986	2987	2988	1605	1606
1	538	2020	2021	2022	1605	1606
1	649	2989	2990	2991	2992	1142
1	651	1607	1608	1609	130	2993
1	717	2512	2513	2514	2515	2516	2517	2518
1	647	3000	3001	3002	3003	3004	3005	3006	3007	3008
1	681	552	553	2751	144	145	146
1	609	2865	2866	2867	2868	2869	2870	2871
1	632	2698	2699	2965	2966	2967	2646	2647
1	618	586	587	1295
1	618	2396	533	534	535
1	506	536	1452
1	618	875	711	2024	2025
1	498	538	539	540	1454
1	626	3118	1817
1	498	1455	1817
1	498	3120	2081	2082	2083
1	506	1460	1622
1	512	2639	670
1	498	1462	1463	1464	1624
1	617	1832	740
1	556	2106	2979	2980	2981
1	695	708	378	127	128	2507
1	683	2411	2412	2413	2414	937	938	243
1	695	244	245	2264	2265	1769
1	679	180	1762
1	679	360	1476
1	679	1477	2767
1	679	2768	696
1	705	3151	3152	974	2118	441	815	816
1	612	817	818	819	2789	2790	2670	2671
1	600	1289	1290	1291	2007	200
1	521	1958	1959	2912	2913
1	626	1960	1961	2441	2442
1	521	2735	2027	1264	1265
1	720	2196	2197	2319	777	778	779	780
1	521	781	782	2324	2035	2036
1	720	784	785	786	1422	1423	1424	1425
1	646	2035	2036	2037	2940	2327	2328
1	574	1426	1427	1377	1378	1379
1	589	2330	621	622	623	624	625	1713	1382
1	657	3071	3072	833	834	835	836	837	838
1	678	1378	1379	1380	1381	1714	1715	1716	1717	1718
1	657	1880	1881	860	861	369	370	371	309
1	642	1475	363	364	365	366	367	368
1	573	649	650	651	652	653	654
1	647	391	392	2449	348	349	2147	2148
1	573	2149	2150	2151	2152	2153	2154
1	573	1775	1776	1777	1778	1779	1780
1	555	3059	3060	2567
1	509	2006	741	2593	2594	742
1	372	918	919	1747	1748
1	376	968	3045	3046
1	471	2050	2051	2052	2053	2645
1	466	207	208	209	2775	2776
1	465	899	900
1	458	2043	2044	2538	2221
1	620	1740	1741	1742	65
1	706	62	63	64	812	919	920
1	526	3162	3163	3164	3165
1	659	3096	3097	3098	2475	2476	2477	2478	2479
1	702	3177	3178	3179	3180
1	500	2291	55	56	2
1	619	2709	2710	2711	2712	2554
1	708	344	1360	1512	1982	1983	1149	1985
1	682	1092	3079	3080	1150	1151	946	947
1	687	869	870	871	2057	2058	2059	2060
1	672	2073	2074	2916	977	2784
1	635	2617	2618	2619	822	764	765	766	767	768	769	770
1	675	2138	2139	1564	1565	2142	2143	1510
1	718	1086	1087	1088	1089	1090	1091	2211
1	682	264	265	1640	1641	3040	3041	3042
1	670	1130	1131	1132	1133	1134	1135	1136
1	655	2616	1402	1403	1404	1308	1406	1407
1	703	493	28	787	788	789
1	665	2213	87	790	791	792	793	794
1	683	2450	2451	2452	1366	1574
1	607	2172	2817	2818	1631	1632	521	522	1636
1	635	858	1782	1721
1	714	2657	2658	1598	1599	1600
1	619	2147	2148	783	784	1367	1368	3125	3126
1	718	838	839	1367	2326	1097
1	714	3127	3128	298	565	566
1	546	1994	2159	3017	3018	3019
1	632	173	1660	1661	1662	1663	1664
1	682	14	2917	3067	1310
1	635	2622	1203	1973
1	715	2629	1208	2577	2578	3009	3010
1	712	1996	1706	3136	3137	3138
1	630	301	302	303	304	305	857	628
1	586	456	457	458	459
1	579	2899	2900	1054	1055	1056
1	680	2107	587	588	2982
1	669	1057	2904	2905	2017	2112	2113
1	614	1899	1900	2507	715
1	662	1807	222	223	284	228	229
1	684	285	721	1314	1315
1	696	1558	1559	546	2252	2253	2254
1	688	1767	1768	2266	2267	2268
1	679	728	729	730	731	732	733	734	1469
1	579	405	894	895	896
1	485	2701	2702	2703	2704	2705
1	718	3195	3196	3197	2769	903
1	668	316	317	120	121
1	719	1657	1658	1659	323	324	325	326	381	382	383
1	715	384	385	2852	1075
1	664	1557	720	547	548
1	537	721	233	234	2521	2522
1	536	2854	2855	881	934	935
1	679	1107	1108	1587	2472	2473	2474	2475
1	717	109	110	2823	112
1	647	1293	1294	533	534
1	616	1814	1815	2080
1	656	602	603	1618	1619	1620	1621
1	689	607	608	2689	2690	1769	1770
1	697	1835	1836	1837
1	713	736	737	895	896	2876	2877	2878	2879
1	521	893	568	569	2002	2003
1	695	1220	246	887	888	889
1	703	755	756	174	2305
1	703	594	232	1314	1975
1	719	1867	1868	1869	1041
1	679	1044	1045	897	898
1	659	1553	2918	334	335
1	587	103	801	899
1	717	368	2702	162	163	164
1	644	2227	2829	2830	2831	2832
1	584	595	722	723	724
1	575	637	2893	3198	638
1	506	532	874
1	617	1816	3121
1	679	3110	3111
1	679	1766	356
1	626	1954	2433	201	202
1	626	1428	1429	1382	1383
1	559	2034	2035	2036	1370	1371	1372
1	595	1719	1720	1882	966	1638	309
1	618	1344	1345	1346	1347	1348	2127	2128
1	446	2424	2215	616	2217	2218
1	710	997	3085	3086	3087
1	683	1482	1483	1484	429	2713
1	687	1921	1922	1923	1924	299	2089	2090	1162	1163
1	650	2098	2099	2100	2101	2102	3037	3038
1	635	1579	1580	1581	1582	3130	3131	2162	2163	2164	2165	2166
1	664	1508	1509	2144	2145	2146	350	351
1	715	2012	2013	2016	2906	2907	2908
1	719	618	619	620	2331	2332	2333	2334	2335
1	631	615	616	507	2425	1707
1	715	2614	1806	1071	1072	225	331
1	496	1507	1040	2802	2803
1	690	1501	1502	1503	1504	1351	477	478
1	707	482	483	484	485	486	487	1362	490	491	1916
1	603	1057	1058	1059	1060	2017
1	634	2862	2689	727	33
1	709	2875	2469	2470	1050
1	690	1808	1809	1073	1074	1075	132
1	537	406	407	408	409	1627
1	719	1585	796	897	2273
1	675	367	368	862	1945	2103	1947	1948	1949
1	685	2219	2220	2875	361	362	2815	102
1	682	2904	1059	1060	1061	1062	1063	1548	1549
1	576	147	148	149	150	151	152	153
1	667	1984	1985	1092	1093	2457	194	195
1	650	369	1722	1723	1724	1725	1726	1727	1643
1	427	1789	1790	1791	1792	466	2715	2716	2353
1	718	2838	2719	470	2116	2117	2565	2566
1	631	2667	2668	2669	1753	1754	2624	2625
1	687	2926	2927	2928	2929	2801	2802	1276	1916	1917
1	694	1235	1236	1237	1238	1239	1240	1241	1242
1	672	771	772	773	2198	2199	2200	2201
1	697	1039	346	347	3074	3075	3076	3077	3078	1418
1	703	9	2075	2781	2782	2783
1	720	513	956	515	516	572	1174
1	709	1167	1168	1169	1170	1171	1172	1173	260
1	683	763	823	824	1971	1972
1	689	1197	1198	1907	822	2793	2794	2795
1	657	1212	1274	1275	1276	492	2685	2686	2687
1	649	430	431	432	433	434	2066	2839	1690	1691
1	693	183	184	185	186	1863	292	937	938
1	573	322	174	2506	129
1	719	1051	1052	2822	2823	112
1	632	712	713	2847	2848	2849
1	480	2790	2310	2311	2312	479	480
1	684	1805	1552	1663	1664	1665	1666
1	599	2664	2665	2666	820	821	1908	18	1910
1	675	2434	2435	2436	1541	1542	204	205	1128	2186	2187
1	427	1919	1920	91	92	93	94
1	687	2316	2628	1034	341	342	343	1038
1	713	572	573	3031	3032	1633	261	262	863	264
1	660	760	761	1309
1	593	2065	435	436	437	2301	2302
1	603	499	500	1577	1578	794	403	404
1	632	2939	2940	563	1098	1099
1	700	891	892	1100	1101	1102	1103	1104
1	599	1911	1912	83	84	1511	1512	191
1	650	1358	1359	2205	2206	2207	2208	2209	2210
1	661	2680	2681	2682	24	25	26	352	353	2456	1094
1	656	796	797	798	799	103	104
1	535	3025	3026	3027	3028	3029	259	3033	3034
1	647	262	263	864	865	3039	1642	1728
1	599	1183	1184	1185	1186	1187	1392	2067	2068	2663
1	644	1704	1705	1997	1998	1929	1930	1931	852	853	854
1	717	1161	3134	2465	2466	2467	255	256	257
1	631	1061	1334	1335	1336	470	172
1	630	1451	1452	1453	541
1	650	1189	1689	1853	1854	1855	1856	1136	1137
1	663	1160	1161	2091	2092	2093	2094	1932	1933	3024
1	688	87	88	89	90	948	949	950
10	706	933	882
10	660	3088	1680	1681	1682
10	581	1529	2390	2481
10	479	1482	1483	1329	1330	1331
10	690	867	868	2287	2288	2289
10	621	2134	2627	828	1413	1414	1415
10	600	774	2322	2323
10	459	1178	1179	1180	2973
10	584	15	16	17	18	19	20	21
10	584	187	188	189	190	1513	1514	1515
10	683	3011	1042	1043	3012	3013
10	659	1855	1856	1857	1858	1859
10	663	581	582	583	420	421	422	1950
10	647	3038	866	1890	1891	969
10	661	633	2225	693	694
10	380	746	747	748
10	559	122	123	124
10	696	1610	1611	1612	1076
10	676	1141	1142	1143	1144	1145
10	679	1317	1318	1319
10	692	634	635	636
10	651	375	1648	1649
10	679	1847	1848	1849	1850	1851
10	716	2193	2194	2195	1266	1267	1268
10	622	2084	2085	1224	1225
10	554	2588	2589	2590
10	702	744	695	2894	2827	1594
10	688	2965	2966	2340	2341
10	664	1953	1954	1955	1956
10	713	2054	2055	3192	46	47	48	49
10	717	3193	2888	2889	2890	2891
10	705	2231	2232	2233	645	646	647	648
10	659	1069	281	282	283	1812	1813
10	160	1694	1695	1696
10	625	481	2634	2635	2636
10	407	2176	2177	2178
10	690	1122	1123	1124	1125	1126	1127	206	707
10	585	2563	2564	2565	442	443
10	701	725	1976	1977	1978	1979	191	192
10	691	1870	1871	1872	1873	1874	1875	1876	1877	1878
10	677	131	286	2739	2740	551
10	612	2524	294	295	296	2421	2422	2423
10	660	2693	2694	2695	2696	2697
10	716	1450	1451	2077
10	675	1616	1617	1618
10	669	2047	2048	2542	2543	2544
10	659	1113	1114	2648	2649	2650
10	672	1119	1120	530	531
10	707	2530	2531	2532	2533	2534	2535	1323	1324
10	538	373	374	2343	2344	2345	2346
10	703	2049	2338	2339	1591
10	684	155	156	157	158	739
10	711	2108	1447	1895	3056	3057	3058
10	682	525	2706	2707	2708
10	603	3107	3108	3109	3110	2230
10	418	1227	1228	576	577	1942	630	631
10	317	193	194	1286
10	709	972	973	3153	3154	3155	3158
10	580	1429	1430	1431	1432	1433	1434	1435	1436
10	150	1261	1262
10	672	2447	2448	3073	3074	3075	3076	3077	1918
10	497	1784	1785	1786	1787
10	699	414	415	416	417	418	419	584
10	242	2485	2486	2487	2488
10	710	2153	2154	2155	2156	2157	564	1995	1584
10	555	1781	2820	2821
10	625	2608	2609	3	4	5
10	629	2581	2460	2461	451	452	453
10	661	1687	1688	1689	1690	1691	1692	1693
10	651	2444	2445	2446
10	695	1296	1297	1298	1299	1300	1301	1302
10	640	2078	388	389	390
10	672	2756	2757	2758	2759	1047	1048
10	655	2547	2601	2602	2603	2604	2605	2828
10	572	1957	2188
10	677	1860	1861	1759	339	340	1035
10	579	1416	1417	1418	1419	354	355
10	701	1676	97	98	1328
10	622	2482	2483	2484
1	470	805	57	58	59	60	61
1	457	2955	409	410	411	412	413
1	702	73	74	926	3166	2363	3168
1	663	81	82	2203	2204	1363	1276	1277	1278
1	686	2555	2556	2557	1129	1392	1393	1394
1	698	2841	2842	2779	2780	2781	2782
1	615	1204	1205	1269
1	632	2688	609	610	611	612	613	614
1	664	1897	1898	757	1343	1138	1139	1140
1	683	462	463	464	465	1793	1794	1795	1796	1797	1798
1	683	2419	943	944	945	1152	1153	400	401	2945	2946	2947
1	684	1607	1608	1304	1305	2510	2511
1	530	2293	910	911	912	913	1739
1	530	66	67	68	69	70	71
1	687	1400	1401	1402	1905	1906	1199	1200	1201	1353	1354
1	672	1485	1486	1487	1488	1489	2013	2014
1	672	2167	2168	2169	626	570	571	572
1	626	961	962	963	1883	1884
1	702	815	1026	1027	1028	1029	1030	1031	765
1	718	2313	2314	2315	2921	2922	2923	2924
1	607	31	297	2214	2215	616	507	508
1	655	3132	3133	953	954	955	514	3022	3023
1	682	2762	2698	2699	2475	2476	687
10	167	2770	2771
10	720	811	916	917	2357	2358	2359
10	331	424	425
10	655	449	450	1226
10	634	2354	2355	2356	1743	813	814
10	160	2360	2361	2362
10	483	1441	1442	1443	1444	1445
10	601	2651	2652	2653	2654	2655	2656
10	214	1534	1244	1536
10	674	2076	3117	2026
10	463	1248	1249	1250	1251
10	664	427	428	429	2609	2610
10	707	2659	2660	2661	3148	3149	3150	1025
10	644	629	1943	1944	265	266
10	689	1516	1517	451	452	196
10	655	2109	168	169	170	171
10	644	1046	1047	2045	2046	2222
10	687	2892	1120	1121
10	662	640	641	642	1652	2502	2503
10	707	376	377
10	654	142	143	1820
10	710	1322	2536
10	639	113	114	115	2894	3199
10	670	2825	2826	2827	2606
10	715	554	555	556	557	558	559
10	694	237	238	239	2579	2580
10	661	1893	1894	2980	2981	589
10	627	50	636	1117	1118	1119	2827
10	706	291	1864	1865	1866	1674	1675
10	606	1951	1480	1481
10	681	1664	1665	1666	1667	1668	1505
10	685	2833	2834	2835	2836	2837	2717	2718	1338	1339	1340
10	718	2273	2274	2275	2276	2277	2278	2279	2280	2281	2282
10	712	277	278	279	280	1302	1303
10	665	637	2893	2894	2895
10	701	1449	1299	379	380
10	717	2223	2224	2225	2226	1592	1593
10	673	2972	1842	1843	1844
10	662	177	178	179	180	2517	2518	2519	2520
10	675	454	455	456	457	3186	3187	3188	3189
10	710	1023	971
10	672	3144	971
10	717	970	1024
10	717	1287	454
10	651	3124	3125	1374
10	405	1438	1439
10	519	1784	1785	3047	3048
10	706	1537	1538	1539	1254	1255	1256	1257	1686
10	692	655	656	762	3068	3069	3070
10	674	1145	1146	1147	1148
10	698	660	661	662	663	664	665	666
10	715	1375	1376	2331	1879
10	675	2600	1181	2547	2548	2549	904
10	501	2290	2063	2064
1	402	1002	2384	1527	1528
1	706	991	992	993	994	2372	2373
1	706	2378	2379	2380	3089	1003	1004
1	702	2367	2368	994	1284
1	683	2620	2621	332	333	2919	2920
1	683	2183	2351	2662	2299	2300	1341
1	683	2201	1036	1037	1358	1359	85	86	2207
1	525	2975	2976	2977	313	639	166
1	705	2255	1216	295
1	659	2494	2495	2496	2497	2498	2499	643	644	2234
1	675	1123	1124	1125	1490	1491	2560	2561	2562
1	689	2227	2228	2179	1446	2109
1	582	2381	1679	3181	1005	1006	1007
1	702	2389	1009	2391	1011
1	653	394	395	396	1988	1989	1990	1991
1	686	335	336	337	338	1760	1761	1209	1210	1211
1	593	3129	1583	951	952	2464	3135
1	657	1543	1544	1545	1190	1191	1192	1193	1194
1	714	1168	1522	1523	1524	1935	1936	1937	1938	1939	1940	1941
10	287	52	2550	2551	1788
10	715	1749	1750	1751	1752	2670	2671	2672
10	628	3055	1896
10	688	2754	2755	251	252	567
10	685	3099	3100	3101	3102	3103	3104	3105
10	432	2400	2401	2402	2403	2404	2405	2406	543	544
10	681	592	593	2306	2307	2308	2309	2791	2792	1033
10	586	1550	1497	1498	1499	1500	980	981
10	660	2766	526	527	528	529
10	694	2042	682	683	684	685	686
10	521	2407	2408	2409	1456
10	711	1625	1626	2004	2005
10	560	745	2894	51
10	669	3112	3113	3114	3115	2240	2241
10	660	1763	1764	1765	1766	2863	2864	2865
10	612	357	358	359	1831	1832	1833
10	668	1700	1701	1702	1703	3014	3015	3016	2160	2161
10	424	2545	2546
10	643	1259	1260	1195
10	585	2347	2348	2349	2350	2184	2185	1546	1547
10	480	1683	1684	1685	1258
10	310	873	2395
10	693	2611	2612	2613	2614	758
1	680	1389	1390	1391	1392	1393	1394	2069	2070	2071	2072	1854	1855
1	609	2878	2879	42	43	44	2338	2339
1	695	545	722	1669	600
1	706	803	53	1732	804	1734	1735
1	589	1263	1264	1265	775	776	2320
1	707	1388	2714	467	468	469	2720	438
1	691	855	856	517	518	519	520	3033	3185
1	639	258	3030	574	575	1229	1230	1231	1232	580	2283	3035
10	687	578	579	3188	3189	3190	3191	372
10	553	1595	1596	2229	167
10	534	471	472	175	176
10	711	2250	2251	2576	1209	1210
10	712	1644	1645	1646	1647	1648	274
10	720	119	166	167	3052	3053	3054
10	712	2956	2957	2958	2959	2960	2961	2962	2963	2886	2887
10	717	2772	2773	2774	2775	2776	2777	2778
1	560	1282	1283	2374	2375	2376	2377
1	702	1279	1280	3173	3174	3175	3176
1	685	1233	1234	1235	3036	1946	2104	1888	1889
1	698	2419	559	560	561	562	846	505	506
10	712	1736	2296	2297	2298	6	7	8
10	655	1011	1533	1243	1535	1245	1246	1247
10	667	198	199	2011
10	649	1242	3042	3043	3044	872
10	695	878	286	287	288	289	290
10	691	2216	617	253	254	2466	2467	2468
10	716	749	750	751	752	2902	2903
10	636	3122	3123	2325
10	706	3145	3146	3147	2662	2838	2839	2840	1852
10	613	2582	2583	678	679	680	681
10	672	667	2261	2262	2263	1320	1321
1	541	2180	2181	2182	2183	2015	1188
1	649	1810	1811	1812	1813	1075	1076	1077	1078
10	589	448	1090	1091	1986	2212	2456	2457	2458	2459
10	716	95	96	1677	1680	1681
10	692	1110	1111	688
10	703	1699	1985	1986	1987	3080	2371	1284	1285
10	713	1827	1828	1829	1771	1772	1773	1774	620	623
10	701	1697	445	446	447	2925
10	717	1252	1253	1540	1541	1542	2437
10	693	671	2088	2808	2949	2950	676	677
10	693	2568	2569	2570	2571	2572	2573
10	696	2438	2914	2915	2729	2730	2441	2442	2443

MyIndex	Index	StartTime	EndTime	StartStation	Endstation
5	2607	131	227	1014	2993
9	1182	167	273	1014	1823
2636	1288	6812	6876	1175	1938
2656	197	6868	6941	1175	1756
2965	1437	7793	7869	3243	3631
3058	423	8328	8522	2759	3125
3152	2974	9652	9726	3631	3243
3160	2061	9682	9819	1014	2993
3164	1952	9768	9962	2759	3125
3192	426	10035	10080	699	2759
3195	1440	10040	10080	3631	3113
3198	2342	10062	10080	3152	1419
