Costs	Duraton	Task_1	Task_2	Task_3	Task_4	Task_5	Task_6	Task_7	Task_8	Task_9	Task_10
1	472	2340	2341	1953	1954	1413	1539	1352	1353
1	433	897	3042	3043	3044
1	459	1734	2800	1736	2802	2803	2804	2805
1	477	1765	1766	3144	3145	653	404	1519
1	450	3046	3047	1729	1730
1	433	936	937	938
1	439	1964	1965	511	512
1	474	1375	336	337	338	1865	1866
1	479	1272	1273	797	798	2612	2613	2614
1	459	999	1790	1303	1304	1175
1	466	1435	1436	1437	1923	1924
1	436	1618	786	787	2810
1	452	1391	1392	1393	2658	2659	2660	3026
1	436	1995	3135	3136	579
1	479	1412	5	2016	2017	2018	2019
1	373	1043	361	7	8
1	448	1043	2733	2734	2735	2736	2737	2738
1	458	2643	2466	58	59	60	1602
1	448	1054	329	1601	1602
1	479	1390	2377	2378	573	574	575
1	373	1197	923	924	925
1	458	2438	1282	2069	1898
1	435	2878	2213	142	143	144
1	464	1688	2154	342	1927
1	464	1024	1087	983	984
1	462	2896	2897	2898	1193	1194
1	404	1193	1194	1072	1073
1	440	1715	1716	2452	2453
1	389	824	825	826	1666	1667	1668
1	448	1814	1815	1816	1817	1818
1	416	1021	1450	1451	2911
1	380	860	740	741	742
1	469	1037	1038	1039	1213
1	363	613	614	2540
1	381	2122	2123	2916	2917	2918
1	396	494	2516	2517
1	465	1941	1942	1943	545
1	476	1941	1942	1943	2001
1	440	272	273	1052	1053	2643
1	415	272	273	2744	275
1	469	3076	1025	1026	3033	3034	3035
1	436	577	578	579	580	581	582	3034	3035
1	429	87	1345	1346	1844	1845
1	413	274	2745	2746	2747	2748
1	410	1711	1712	1713	1714	818	819	820
1	452	1068	779	2899
1	471	2687	2688	1045	1046	1047
1	421	490	491	492	493	494
1	471	495	496	497	498	1093
1	372	1660	1661	1662
1	444	1663	1664	1665	827	828	829	830
1	376	51	52	53	54	55
1	381	192	193	194	195	196	197	198
1	382	1140	1141	194
1	382	2283	2284	2285	2286	2287	2288	2289	2290	2291
1	382	2316	2317	2318	1816	1817	250	251	252
1	382	201	202	203	204
1	460	1216	2528	2529	2881
1	463	466	467
1	410	1719	502	503
1	480	2304	2305	65	66
1	415	2758	733	2184	1628
1	374	1078	1079	1080	253
1	410	857	738	489	2330
1	456	2765	256
1	362	2629	2630	2631	3092
1	458	552	553	554	476
1	458	526	527	245	246
1	458	76	77	78	1997
1	473	1702	1703	1704	1705	2002	2003
1	457	612	100	101	102	103	104
1	440	961	962	963	964
1	457	2904	2905	2906	2907	1451	1452
1	462	698	699	2082	701	702	703
1	462	894	2089	2792	2793	2794	2232
1	462	2790	2791	710	711	712	713
1	462	708	709	2404	2091	2092	2093
1	462	718	2099	2100	2101	1737	1738
1	462	638	1556	124	1325
1	372	1743	1744	126	643
1	462	132	133	2667	135	136	2133
1	462	2134	2135	1836	1335
1	470	1949	1950	1951	2396	2397	2084
1	470	887	888	2083	704
1	410	2403	2404	2405	714
1	470	2238	2239	2240	2241	2242	2243
1	470	1556	1557	125	126	127	128
1	470	141	874	2672	1336
1	470	1337	2673	2674	1338
1	424	361	7	219	220	221
1	447	1959	1960	1363	1364
1	463	1246	3003	624
1	398	1990	788	1265	1266
1	458	1624	921	2967
1	461	2968	2863	2864
1	413	1270	1271	1889	2060
1	447	2189	2190	799	800
1	435	2262	2618	586
1	479	1513	1514	1399	1400	1401	812
1	374	813	814	2442
1	462	1776	360	1479
1	465	1957	1046	2885
1	393	1056	1008	1009
1	421	1262	1263	1624
1	436	570	1626	2186
1	421	2062	2063	2617
1	400	2568	2569	584
1	401	802	803	804	805	806	807	808
1	472	590	1149	3088
1	461	500	815	816
1	376	1219	358	359
1	435	1165	151	152
1	425	509	1365	324
1	419	1789	952	953
1	400	2641	1969	1970
1	380	1179	2844	2845
1	379	2846	2950	2951
1	455	3004	3057	1921
1	400	1388	1267	1268
1	380	1269	294	295
1	380	3072	3028	3029
1	453	2619	2620	1092	1147	2441
1	428	401	589	1148
1	380	2264	813	814
1	431	621	622	1379	1380	1381	1382
1	409	1914	1915	1916	621
1	471	2357	2358	2359	2360	2361	2362	2363
1	476	2771	2772	2773	207	208	259
1	383	945	946	1546	1120
1	480	216	217	149	219	1357	2787	1359	1360	1170
1	466	315	316	317	318	2884
1	466	955	3117	3118	3119	3120
1	466	1627	2120	2121	2762	2763
1	555	118	119	566	1136	1137	1138
1	579	1536	1537	1538	2784	2785	1353	1354	1355	1356	1357
1	576	897	1121	2348	2349	2350	2351	2352	2601
1	594	280	901	902
1	529	1734	1735	719	720	1123	1124	1125
1	559	903	904	905	906	1126	1127	1128	1873
1	500	2806	1127	1128	1873	1874	632	633	3015
1	581	121	2245	2246	2247	2248	2857	2858	2815
1	564	2054	2055	2056	2057	2058	2191	2192	2611	2258	2194
1	512	1520	1521	1522	1523
1	494	1532	1533	1409	353	354
1	570	2724	353	2338	2339	2340
1	583	2223	2224	2225	2226	2227
1	585	1118	997	998	512	513	2462
1	574	2228	2229	2230	2406	2407	2408	2409
1	597	2840	2841	2842	424	425	426	334	2647	2648
1	569	1888	1889	1754	1755	1756	1757	299	300
1	589	1410	2726	2727	990	1472	1473	2218	2219	2220
1	583	2725	2726	2727	990	1472	1473	2218	2219	2220
1	569	2221	214	1299	1300
1	481	92	93	1222	1166	1115
1	505	332	333	1373	1374	2945	2946	2947
1	556	1977	1978	2847	1434	2478
1	594	1867	1868	3009	2479	2033	430	431	432	433
1	576	1446	1135	1136	1878	1879	1880
1	554	1622	2811	2708	2249	2250	2251	2252
1	571	2198	2199	811	1402	1403	1404	1405	1406
1	579	3086	3087	2443	2444	2445	1524	2269
1	541	1598	9	2596	511
1	524	1176	1177	1178	422	423
1	596	2598	1421	1422	1423	1238	1239	1240	1241	1242	1243	1244
1	571	2354	2355	1974	1975
1	510	2843	2943	2944	335	1976	2948
1	562	1245	1975	1976	2948	2949	3005
1	568	1376	1377	2475	2476	2477
1	524	1437	1438	1439	1440	1441
1	500	2809	781	435	1617
1	560	1254	1255	1256	1257	1258	1259	1260	1134
1	587	2036	912	913	914	915	2555	2556	2557
1	568	1498	1499	2372	2373	2374
1	524	2560	2561	2562	2188	2189
1	510	3027	2865	2257	2258	2259	2615
1	577	2444	2445	2446	1525	1526
1	586	2016	2017	2018	2019	2739	1852
1	586	2939	1180	1604	1605	1606	1607
1	577	1191	1192	969	970	1195	1196	911	912
1	586	1613	1491	1492	2035	2036	912	913	914	915
1	571	1412	93	94	2735	2736	2737	2738
1	537	1114	1115	1961	1962	1963	947	1965
1	593	1599	1600	1727	1728	3048	3049
1	503	337	338	339	2148	19
1	496	626	627	2808	2850	432	1925
1	537	1639	1640	1407	1151	2582	2583
1	582	343	1204	3077	983
1	584	2879	2011	2012	2013
1	509	518	519	520	521	522	1610
1	487	1028	1029	1030	1031	1032
1	588	753	754	755	2451	2010
1	566	756	757	2879	2880	2530
1	485	2737	2738	2020	2021	834
1	561	365	2536	838	839
1	560	414	415	1721	1722
1	537	835	836	2296	2297	2298	161
1	578	225	226	839	1723	1724	1725
1	533	1792	1793	557	372	373	374
1	527	556	557	372	373	374
1	522	162	163	770	771	772
1	588	1726	1426	773	1684
1	525	58	59	60	61	375	1684
1	523	58	59	60	1602	1603	1183
1	579	62	63	2751	1429	1430
1	511	19	20	21	1193	1194
1	505	115	116	779	1193	1194
1	586	780	781	2036	2037	2038	2039
1	573	3131	74	1454	1455	1456
1	483	790	791	792	1199	1200	1201
1	576	2380	2764	1085	1086
1	564	1457	1630	3077	344
1	590	1996	1630	1087	1088
1	561	687	860	861	1697
1	560	1205	1206	1207	1208
1	568	1025	1026	1089	1938
1	560	3033	1633	1634	1635	1636	1637
1	573	690	1462	1463	1464	1465
1	485	2069	2070	2071	2072	81
1	566	2071	2072	1033	544	1098
1	590	1209	1210	82	2585
1	561	40	2524	2525	2589
1	519	1213	2589	1101	598	599
1	559	548	549	820	821	822	823
1	550	2010	2011	758	759	760
1	554	2293	472	473	474	475
1	498	2534	2535	837	838
1	519	2933	835	836	227	228	229
1	531	768	769	2469	2470
1	595	1795	1796	1797	109	110	1683
1	554	2471	2171	2172	2173	2174
1	494	842	843	2174
1	537	112	113	170	171
1	595	2755	71
1	595	968	969	970	971
1	493	1458	1459	1695	1696
1	562	79	2066	2067	1463	1464	1831	1832
1	550	862	863	2067	1463	1464	1831	1832
1	487	743	744	745	453	2622
1	583	2922	2923	1036
1	573	1210	82	2585	1099
1	586	609	610	611	612	100	101
1	538	97	98	99	100	101
1	562	372	108	109	110	1683	15
1	511	958	959	960	961	1061	1062
1	575	16	519	520	378	379	380
1	598	1063	1064	1065	1066	1067	174
1	583	24	730	3130	1449	1450	1451	2118
1	571	2905	2906	2907	2908	246	247	248	2319	2320
1	598	1691	1692	184	790	791	2760	2761
1	538	2119	2120	2121	2122	2123
1	589	2321	2322	1629	534
1	557	735	1140	1082	1083	534
1	598	2124	2125	447
1	530	1826	1827	491	492	864	865	866	867
1	598	448	449	450	451	744	745	453	1831	1940
1	506	2215	2216	2161	1843	2218
1	588	990	1472	1473	2218	1591	1221
1	506	2740	2741	2742	2743	1052
1	599	1852	271	272	273	2744	2745	2746
1	553	2644	1426	1427	1428	17
1	509	3054	3055	1432	1433	2848	20
1	506	2039	973	974	2041	2042	976
1	586	979	980	2379	1200	2255	576
1	507	2861	3073	3074	3075
1	553	1031	1032	1033	2924
1	510	564	785	1619	121	2245
1	589	755	85	86	87	88
1	599	615	2541	2542	1796	956
1	574	229	1678	1796	956
1	550	844	845	1013	1014
1	513	2902	2903	2904	2369	2115	2116	2117
1	524	1507	2919	2920
1	567	1095	1096	1097	461	462
1	547	2680	2681	2682	2683	2284	2285	2286
1	483	2684	44	45	46	47
1	565	1666	1667	1668	1669	95	96	3104	3105
1	505	1668	1669	3102	3103	3104	3105	3106	3107
1	561	3106	3107	3108	49	50
1	587	56	57	2467	2468	2469	2470	232
1	550	1798	1799	1800	1801	1802
1	544	233	234	235	236	237	238
1	575	1803	1804	1805	1806	1807	1808	67	68
1	540	239	240	1807	1808	67	1983	1984	175	176
1	553	69	726	2310	2311	2312	2313
1	524	199	200	201	744	745	453
1	536	1470	1471	2727	2728
1	560	1201	1202	1203	1204	536	537
1	589	2142	2880	2881	3097
1	589	1049	414	415	1721
1	589	2301	2302	2303	2894
1	534	2495	410	1718	2497	2498
1	530	468	502	503
1	583	2501	2693
1	496	416	417	418	2542
1	586	1721	2299	418	2542	1679	1680	1681	1682
1	592	370	371	372	108	109	110
1	583	2892	2506
1	583	2505	482
1	543	847	848	849	850	1809	1810	1811	1812
1	583	2509	853
1	583	485	2183
1	583	1143	1144
1	583	2513	2768
1	480	2767	2514
1	534	2625	2626	2627	2628	2207	2208	2776	2777
1	547	749	2206	2207	2208	2629	2630
1	585	2337	1106	1107	1536	1537
1	553	3138	3139	3140	3141	1397	1398	934	935	1517
1	522	1948	2333	2334	2335	2080	2395
1	582	892	893	2400	2401	894	2089
1	582	2398	2399	2400	2401	2088	2791
1	582	2796	2797	2235	2236	2798	2799
1	582	2233	2234	2235	2236	2237	2238
1	492	1553	1554	1320	1321	1322	1323
1	582	636	637	1322	123
1	582	1561	1562	1563	1564	1565	2129
1	492	1326	1327	1563	1564	1328	1329
1	552	2663	2664	1328	1566
1	522	1328	1329	2130	2131	2132	2668
1	510	1330	2666	1567	1568	1569	137
1	560	656	2334	2335	2080	885	886
1	560	699	700	889	890	891	704
1	530	2081	2082	889	890	891	704
1	590	2795	2094	2095	2096
1	500	2244	1320	1321	122
1	530	639	640	641	1559	1560	644
1	560	1329	1330	1331	1332	1333	1334
1	590	1566	134	1568	1569	137	138
1	567	1568	1569	1570	869	870
1	590	1335	140	141	874	875	1838
1	530	2674	1338	1339	2675	2676	2677
1	495	1220	1412	93	1222
1	556	2730	2731	2732	1778	150
1	538	1351	1540	1541	1542	1543
1	495	2642	2597	2465	276
1	534	2355	3123
1	524	1979	2951	1922
1	572	3005	3006	3007	671	672	673	674	675
1	538	2953	2954	2955	2956	1616
1	494	676	1132	1133
1	524	569	1625	922
1	521	297	298	2260	2261	2064	2723	538
1	572	2570	2571	2572	1278	1279	1280	1281	2439
1	544	2829	2830	2831	1955	1956
1	538	311	312	313	314	2688
1	551	1542	1225	506	507	508	2887	2888
1	551	2886	509	1000
1	596	1234	1235	1236	2413	2414
1	554	1247	1248	1249	1250
1	561	2969	3072	2061
1	581	1932	296	801
1	531	1511	1512	1513	2199	2200
1	526	1937	1090	2515	495	496
1	522	585	586	402	2869	2870
1	596	2979	810	811	654	655
1	559	3089	2872	2272
1	579	1350	1044	1480	1481	1482
1	575	1958	1959	1786	1787	1788
1	517	1850	222	1788
1	544	1235	1236	2413	2414	2415
1	557	1971	1972	1010
1	580	2416	2417	2418	1980
1	512	2846	3057	1251
1	522	2952	3060	3061	1614	1615
1	555	3059	1253	1130	1131	1132
1	588	1490	1491	435	436	437
1	546	2365	1987	1262
1	565	3070	2862	1932	1933	1934
1	580	395	396	397	2263
1	593	3030	1510	398	399	400
1	547	306	307	308	309	310	1908
1	593	2990	2991	508	153	154
1	521	2998	2999	1915	1916
1	483	3000	3001	3002	1378
1	521	1383	1384	2111	2112
1	557	2700	2701	2702	2703	3066
1	555	386	387	388	389	3066
1	594	2113	2371	390	391
1	574	1504	2381	2430	2431	2432
1	600	2326	2327	2433	2388
1	560	2433	2434	2435	2436	539	540
1	589	2636	2637	2638	155	156	157
1	559	2110	2111	2112	2959	2960	2961
1	600	471	472	473	835	836	366	367	368
1	509	2332	258	2774	2775	209
1	552	212	213	214	215	216	2344	2345
1	498	2496	2497	2498	2499
1	498	2502	368	369	2694
1	498	2695	2546
1	497	2893	2696
1	498	2506	847	848	483
1	498	484	2182
1	569	2512	2767
1	497	256	1145
1	498	1144	2769
1	537	1047	319	320	321	322
1	491	323	1001	954
1	537	1058	1059	1060	845	2473
1	537	1505	1506	1507	1508	1509
1	573	1227	1228	1229	1230	1231	1232
1	573	2422	2423	2424	2425	2426	2427
1	573	2972	2973	2974	2975	2976	2977
1	400	2147	2751	1685	1686
1	465	34	35
1	449	2213	2214	2215	2143
1	438	3099	3100	3101	2735	2736
1	445	1712	2678	1715	1716
1	365	688	689	1698
1	394	2522	2004	2005	2006
1	416	1941	1094	1095	1944
1	363	546	2519	463
1	436	577	578	579	30	31	3035
1	405	1844	1845	1846	1847	1848
1	429	270	1853	274	2745
1	413	1432	1433	3126	3127
1	450	43	606	607
1	445	2685	2686	316
1	471	2185	2186	2187	2563	1505
1	461	529	530	531	532	1454	1455
1	376	1828	1829	1830	452	453
1	460	457	458	459	460	461
1	440	2277	2278	2279	2280	2281
1	405	2729	2831	2832	92	1477
1	466	2255	2256	2868
1	376	1090	2515	495	542
1	437	1315	1316	1317	1318	1319
1	462	2134	139	1836	1335
1	470	2801	1551	1552	1739
1	398	510	1966	1967	1968
1	461	1055	1007	2942
1	450	1150	1151	1152	1577
1	478	1159	1160	1161	1162	1774	1775
1	403	540	541	1147
1	465	2201	2202	2203	2204	499
1	431	155	156	2994	2995	2996	2997
1	463	2382	2383	2384	2385	2386
1	471	2993	157	158	1913
1	471	2958	2959	2960	2961	2962	392
1	427	1171	1857	1858	1859	1860
1	441	488	2767
1	466	1982	1983	1984	1985	1986
1	555	2458	2459	2228
1	564	1595	1596	1116	1117	1118	1119
1	576	897	2347	2348	2349	2350	2351	2352	2601
1	557	1419	1420	2599	1004	1369	1370	279
1	599	1734	720	721	722	723	2104
1	598	1887	2485	2486	2487	2488
1	586	2195	301	1571
1	597	1154	1155	1156	352	353	354
1	578	2649	2650	2651	2031	2032	2033
1	574	1869	1870	628	629	2106	2107	1492	1493	1494
1	594	2807	909	910	781	782	783	784
1	540	301	302	1763	1764	1572
1	540	932	933	1399	588	2265	2266	2267	2268
1	550	3081	3082	3083	3084	3085	1641	1642
1	594	513	514	515	516	517	330	331
1	541	1424	1425	2645	2646
1	576	3010	3011	3012	3013	3014	434	1442
1	486	1871	1872	1129	2108	1441	1442
1	594	2812	2813	2814	2815	2657	2658	2659	2660
1	560	3021	3022	3023	2055	2056	2057	2058
1	580	1593	218	1167	1168	1169	1361	1362	1363
1	541	3049	3050	3051	1864	1865
1	562	1260	1261	2704	2705	2706
1	555	568	1264	26	2375	2859
1	579	2558	1881	2711	2712	2713	2714	2715
1	517	2375	2815	2657	3024	3025	3026
1	540	2052	2053	2054	1888	2717	2718	2719	2720
1	541	1890	1891	1892	1893	928
1	549	988	989	990	1472	1473	1474
1	535	3053	3054	3055	1186	1187	1188	1189	1190
1	588	916	917	918	2043	2044	976	977	978	979
1	587	1634	33	34
1	571	1390	2860	684	1200	2255
1	560	926	927	2722	3036
1	524	10	2935	2936	2937
1	513	2750	2751	1685	1686
1	582	341	1688	2154	342
1	500	36	37	2875
1	500	2876	2877	83
1	509	2927	2160	2161	992
1	584	2751	1685	1686	1687
1	509	1688	973	1022	1023
1	560	2880	2881	3097	3098
1	573	2531	761	2291	2882	831
1	566	832	833	364	414	224
1	590	832	833	364	1673	1674	1675
1	545	1670	1671	1672	1050	2742
1	561	2752	376	377	172
1	522	173	2550	2551
1	561	1074	182	183	184
1	484	188	189	535
1	566	1202	1203	1204	1205	3032
1	522	1939	1284	1285
1	499	1638	1032	1033
1	566	2071	2072	1033	1034	1035
1	550	2933	2934	2022	1676	1677
1	573	2933	2934	11	12
1	485	2536	2537	2538	2539	1794
1	547	230	769	770	771
1	550	1684	1184	1430	2306	2307
1	573	1684	2028	64	523
1	536	2753	2754	1016	966	967
1	543	1018	1019	1020	972	1689	1690	1691	1692
1	496	1084	739	78
1	580	691	2068	1283	1284
1	587	1833	2921	1701	1097
1	530	822	823	2454	2455	2456
1	583	16	519	520	776	777	778
1	572	1069	725	70	71	23
1	586	2916	1823	1824	1825
1	575	535	446	493
1	568	1847	6	7	1167	1597	1302
1	506	2740	2741	1051	1052
1	509	3054	3055	3056	625	20
1	506	2039	2040	975	976
1	490	2591	2080	885	657
1	500	662	2088	2089	663
1	533	2654	565	120	121	2245
1	500	2820	1328	2129	2821
1	500	919	920	3069	571	572
1	521	3120	3121	3122	1011	1012
1	503	846	2546	2547	2548
1	521	1986	1987	1988	438	2114
1	521	2763	2564	2565	3030	2329
1	568	2319	2911	2912	2913	2914	2915	190	191
1	509	1464	454	455
1	541	1472	1473	1474	1475	1476	1477
1	564	1005	1180	1181	1182	1607	1608
1	571	2759	185	186	187	685
1	589	686	1205	1206	1207
1	575	1708	597	2075	2076
1	537	2294	2295	366	367
1	600	1796	956	957	164	165	166	167	480
1	583	852	486
1	584	2203	2204	499	500	591	2205	2206
1	516	3093	260	261	2077
1	575	2523	1100	2211	2526
1	489	905	906	907	908	1873	1874	632
1	513	550	2455	2456	607	608	3104
1	513	105	769	164
1	492	1555	1558	642	643
1	582	2669	1835	872	873
1	590	695	696	2079	698
1	590	2085	2086	2087	708
1	586	705	706	707	2402
1	586	1740	1741	1742	1322	1323	1324
1	526	129	130	131	2665
1	590	2670	872	873	874
1	590	871	872	1837	2671
1	530	1778	1779	1780	1783	1784	1785	1786
1	550	1544	1545	947	948	949	950	951
1	587	1365	1366	1002
1	510	587	1897	403	404	405	406
1	507	2443	2444	2270	2271
1	508	1483	154	2639	2640
1	555	1367	1368	1005	1006	1973
1	593	438	2371	3066	2963	2964	2965	2966
1	572	3070	3071	2970	2971	2325	394
1	595	1488	1489	1252	2955	677	2957
1	595	808	809	810	2440	2871	2980
1	555	1905	2827	2828	1908
1	537	1772	1773	1774	1775	2689
1	593	2990	2991	1911	154
1	561	3000	3001	3002	2419
1	589	393	394	2566	2567	802	2387
1	482	1164	1777	1223	1224	1225
1	598	3114	3115	3116	3117	957	164	165	166
1	584	3094	601	1717	1718	2497
1	572	180	181	1075	1076
1	490	169	2753
1	490	859	1460
1	552	2348	2349	3045	2603	2604
1	566	900	1731	1732	1733	1734	720
1	506	408	409
1	506	2500	765
1	496	1720	2168
1	497	2167	2503
1	506	2504	481
1	506	851	485
1	497	2510	854
1	498	853	487
1	496	2766	257
1	537	2366	2367	2368	2369	2370
1	586	428	429	630	631	2853
1	586	649	650	3148	3149
1	436	715	716	717	2237
1	462	3062	3063	1989
1	427	282	3008	3009	2479	2480	2481
1	576	1293	1294	1295	3	4	2785	1353
1	529	1734	720	2606	1124	1125
1	564	1296	2833	2834	7	219	1357	1358
1	594	1766	3144	1768	1639	1640	1641	1642
1	523	1517	1518	2579	2580	1643	1644	1645
1	596	1255	1256	2034	1443	1444	1445	1619	1620	1621
1	594	930	931	2574	2575	2576	2577	2578
1	551	1623	1389	1390	1391	2253
1	586	2707	2559	2560	1198	793
1	534	929	930	3142	3143	1401
1	541	2266	2267	2268	1575	1576
1	587	2046	2047	2048	2049	981	1994
1	593	1991	1992	2715	2716	1753	1890
1	509	1024	1631	1026	1027
1	560	2302	2303	2304	2895
1	572	829	266	1671
1	572	1069	1070	1071	22	23
1	506	2215	2216	2217	2218
1	505	1476	1477	1478	1851
1	500	1347	1348	1349	360	2733
1	524	2314	2315	2316	2317	2318	249	1081
1	575	729	730	731	732
1	583	470	764	765	766	367
1	589	2548	68	177	178
1	558	67	2549	2550	727
1	558	1091	2621	2622	206
1	545	1091	2621	2622	2623	2624
1	556	2342	1298	147	148	1594	1595	1781	1782	1783
1	522	894	2089	2090	2230	2231	2093
1	582	2233	2097	2098	2238
1	556	883	884	697	698
1	510	1003	1004	1005	277	2843
1	590	2437	1894	1895	1896	812
1	600	325	326	327	328	2940	2941
1	598	240	1807	1808	67	68	2178
1	491	2474	3058	1981
1	586	2656	1750	2485
1	418	2249	2250	1882	1883	1884	1885	1886
1	461	1393	1751	1752	2717
1	445	3025	2661	796	1274	1275	2193
1	427	3018	3019	3020	2815	2816	2817
1	548	2	2341	1953	1954	1413	1539	1593	2786
1	488	1108	1109	1110	1111	1112	1779	1594
1	598	1172	1173	1174	1305	1306	2838	2839	2410	2411	1238
1	588	355	356	357	2831	1413	1414	1415
1	598	1767	3145	3146	3147	1405	1406	1641	1642	2581
1	577	3014	3015	3016	1495	1496	1497	1135	567
1	593	1592	1113	1114	1115	1301	1598
1	503	337	338	3125	18	19
1	548	774	775	776	777	1015	524	966	967
1	590	2102	2103	2104	2105	430	431	634	635
1	505	2865	2257	2258	2259	2615	2616
1	586	3044	2602	667
1	429	2554	681	682	2044	2045	2046
1	551	1306	1307	1308	1309	2412	278	279
1	564	2858	2376	2254	793	794	795	796
1	583	1758	1759	1760	1761	1762	2573	2574
1	534	2811	2708	2709	2710	289	290	291	292
1	596	683	979	980	2050	2051	293	2189	1754	1755
1	595	419	420	421	1057	2170	2472
1	553	90	91	1297	2222	1355
1	599	1417	1418	1306	1307	1310	1311	1312
1	599	1313	1314	2806	2807	2851	2852	1875
1	559	2463	2464	2600	2353	1237	1371	1372
1	537	2715	2716	2059	2866	2867	2721
1	593	3037	3038	1639	1640	1407	1408
1	599	2780	2781	2782	2783	1414	2343	1416
1	578	2196	2197	1515	1516	651	652	1403	1404

MyIndex	Index	StartTime	EndTime	StartStation	Endstation
1	1467	103	170	1014	2997
2	1215	110	244	3631	1453
3	2273	115	132	4513	927
5	1291	131	227	1014	2993
6	2274	137	228	927	1479
8	1102	163	348	1014	6142
9	2779	167	273	1014	1823
10	1710	175	213	4718	6263
11	1589	181	331	5789	669
12	987	182	311	2759	699
13	1656	187	296	4718	877
14	84	192	239	6710	4513
15	1468	198	247	2997	3480
19	2275	228	230	1479	4446
23	1769	263	365	3113	3631
24	1469	265	327	3480	6710
26	2824	272	352	1419	669
29	547	280	325	960	4377
31	2276	285	330	4446	3349
33	1657	296	296	877	1453
34	465	298	405	3911	1453
35	1839	299	307	6116	5379
36	2450	306	422	4377	4513
37	2527	307	363	877	3113
40	1157	314	387	3480	669
41	1658	316	417	1453	4377
42	1840	316	360	5379	5398
43	2590	324	422	4475	3125
45	600	327	448	7181	1075
47	2009	337	486	1453	4377
48	3039	339	416	1756	1175
50	1103	348	373	6142	1722
51	1904	348	421	3243	3631
52	1590	350	396	669	3152
53	210	351	420	1938	1175
55	263	354	442	2221	14
57	305	358	428	508	3631
58	2825	358	521	669	830
61	42	373	413	4630	6263
63	817	384	440	4630	4377
65	2926	384	434	2759	6849
68	942	389	451	1938	1175
69	1342	389	445	5498	3125
70	1158	390	559	669	830
71	1217	392	506	3113	830
74	1770	403	468	3631	508
75	1041	405	455	6849	2759
77	1841	407	437	5398	6116
78	1659	417	440	4377	4446
87	2679	445	468	4377	4446
95	1906	466	512	5789	4185
97	1104	476	499	1722	6142
98	351	478	560	1419	3480
99	1343	478	668	3125	2759
105	3095	493	529	1075	997
107	1842	501	759	6116	4513
109	1218	506	508	830	5789
110	2826	521	523	830	5789
113	3096	532	562	997	1453
116	1105	545	744	6142	7331
120	2159	553	639	4196	4513
125	1534	573	782	1014	6142
134	2336	606	666	4621	5100
135	2985	606	637	1197	3243
141	1411	646	722	3480	1419
150	1344	688	809	2759	699
155	1771	716	785	508	3631
163	2928	760	902	4513	4238
168	602	778	891	4377	5818
170	1042	781	825	2759	1419
171	2986	783	850	3243	6888
173	2634	792	849	508	3631
175	89	799	922	5915	5100
177	2592	804	819	4621	3125
184	991	841	903	6710	4513
191	2987	850	888	6888	3631
192	1292	852	954	2993	7331
200	2635	890	947	3631	508
201	603	891	989	5818	4196
203	2988	896	927	3631	2925
206	2929	902	908	4238	4377
211	2162	919	1180	4513	6116
212	1907	921	967	4185	830
224	1	950	1038	2221	7331
230	2282	960	972	3349	960
238	658	978	1036	3125	5498
239	1535	984	1186	6142	7331
244	3040	992	1056	1175	1938
252	1909	1012	1086	3631	3243
255	1163	1030	1054	3631	6888
263	411	1044	1198	1075	4377
265	2593	1045	1142	3125	4475
266	211	1052	1116	1175	1938
268	1952	1056	1116	4621	5100
269	659	1058	1085	5498	4651
270	2144	1058	1110	6849	2759
280	943	1077	1151	1175	1756
286	2989	1112	1141	2925	3631
294	145	1128	1322	2759	3125
309	604	1153	1239	4196	4513
320	2930	1175	1233	4377	6804
322	2014	1178	1230	6849	2759
342	264	1231	1266	14	2221
352	2532	1252	1313	4377	4630
370	412	1295	1353	4377	6804
380	146	1322	1329	3125	1014
388	2015	1336	1470	2759	699
390	605	1340	1519	4513	4238
401	265	1366	1509	2221	6296
413	1849	1394	1595	5915	5789
418	2457	1406	1504	4718	2221
430	993	1439	1489	6849	2759
443	2883	1474	1561	4446	877
446	362	1483	1535	1419	2759
464	504	1540	1677	1453	3631
466	2690	1550	1684	3631	1453
486	994	1622	1751	2759	699
499	505	1677	1715	3631	6888
514	363	1711	1761	2759	6849
517	2691	1715	1953	1453	6116
520	1226	1719	1791	6888	3243
521	2292	1720	1765	960	4377
524	48	1725	1770	4446	3349
529	469	1738	1845	3911	1453
530	2163	1739	1747	6116	5379
533	267	1746	1862	4377	4513
538	2164	1756	1800	5379	5398
539	660	1760	1788	4651	5498
541	1910	1764	1856	3243	3631
543	2594	1764	1862	4475	3125
546	762	1767	1888	7181	1075
548	2931	1777	1781	6804	6949
549	944	1779	1856	1756	1175
550	1048	1780	1833	877	4196
560	2932	1791	1854	6949	4377
561	3041	1791	1860	1938	1175
573	551	1813	1961	4630	7191
577	2145	1824	1874	2759	6849
578	2533	1824	1880	4630	4377
579	413	1825	1882	6804	4513
581	661	1829	1885	5498	3125
582	2346	1829	1891	1938	1175
588	2992	1843	1908	3631	508
590	2165	1847	1877	5398	6116
600	268	1864	1925	4513	3870
615	763	1905	1942	1075	997
618	2788	1915	2099	1014	2744
620	2595	1918	2108	3125	2759
631	2692	1953	2015	6116	3139
638	995	1971	2011	699	5287
651	223	1999	2143	830	4196
654	996	2011	2107	5287	5100
655	2460	2013	2222	1014	6142
662	269	2034	2158	3870	5915
668	2166	2057	2119	6116	3139
679	2789	2099	2206	2744	4621
680	1547	2101	2106	7331	3125
707	2889	2197	2394	830	1453
722	1854	2239	2357	5915	5773
724	895	2245	2278	3638	2993
743	896	2292	2394	2993	7331
767	1855	2357	2411	5773	7073
768	2023	2359	2620	4513	6116
769	1484	2361	2407	4185	830
788	555	2398	2503	4377	4513
789	3109	2400	2412	3349	960
795	664	2418	2476	3125	5498
798	2461	2424	2626	6142	7331
806	1791	2434	2519	3152	4513
814	159	2470	2494	3631	6888
820	1912	2477	2515	4185	3631
821	3110	2477	2495	960	4780
826	767	2484	2638	1075	4377
828	1548	2485	2582	3125	4475
829	2835	2487	2527	6849	2759
832	160	2494	2593	6888	4196
837	665	2498	2525	5498	4651
839	2146	2498	2550	6849	2759
842	2890	2503	2621	1453	3911
850	898	2517	2591	1175	1756
860	1856	2556	2567	7073	7331
863	477	2568	2643	7191	7181
866	2836	2568	2762	2759	3125
867	3111	2568	2579	4780	7181
868	1233	2569	2690	3243	830
875	3112	2579	2583	7181	4446
887	3113	2601	2619	4446	4780
891	13	2615	2673	4377	6804
913	1485	2677	2749	6888	3243
921	2169	2692	2810	3139	3113
932	106	2707	2771	4630	2221
938	616	2725	2852	4718	3251
950	2837	2762	2774	3125	1184
955	2938	2776	2910	2759	699
967	107	2806	2949	2221	6296
986	2749	2845	2954	5915	2759
987	558	2846	2944	4718	2221
989	617	2852	2854	3251	1453
996	666	2879	2917	4651	1014
1028	618	2980	3117	1453	3631
1068	619	3117	3227	3631	3243
1085	2543	3155	3393	1453	6116
1088	2300	3160	3286	960	4196
1094	2891	3178	3285	3911	1453
1095	2024	3179	3187	6116	5379
1105	2025	3196	3240	5379	5398
1107	1861	3200	3228	4651	5498
1108	1486	3204	3296	3243	3631
1109	1549	3204	3302	4475	3125
1112	478	3207	3328	7181	1075
1114	111	3217	3366	1453	4377
1115	840	3217	3221	6804	6949
1116	899	3219	3296	1756	1175
1117	2356	3221	3261	5789	4185
1122	620	3228	3301	3243	3631
1125	841	3231	3294	6949	4377
1126	1122	3231	3300	1938	1175
1128	559	3234	3322	2221	14
1138	668	3254	3280	6142	1722
1141	231	3264	3320	4630	4377
1144	14	3265	3325	6804	4377
1145	1862	3269	3325	5498	3125
1146	2605	3269	3331	1938	1175
1157	2026	3287	3317	5398	6116
1164	1487	3299	3328	3631	4185
1165	281	3302	3338	1014	6900
1173	560	3322	3368	14	2993
1180	1550	3335	3360	3125	4621
1181	168	3338	3373	997	1075
1184	479	3345	3382	1075	997
1190	669	3356	3379	1722	6142
1191	1863	3358	3548	3125	2759
1202	2027	3381	3639	6116	4513
1214	2544	3410	3456	6116	3139
1230	427	3453	3662	1014	6142
1237	2545	3472	3651	3139	1453
1242	1917	3504	3548	3631	6617
1261	3052	3568	3689	2759	699
1263	3124	3576	3700	669	1419
1290	1918	3642	3687	6617	5624
1308	1919	3687	3727	5624	4185
1320	1609	3721	3783	6710	4513
1327	623	3729	3737	3631	5789
1328	561	3732	3834	2993	7331
1344	1431	3777	3842	4513	5915
1345	1185	3779	3923	3870	5915
1350	2149	3799	4060	4513	6116
1364	2175	3830	3912	4377	7191
1370	114	3838	3943	4377	4513
1381	670	3864	4066	6142	7331
1399	2420	3910	3934	3631	6888
1413	2652	3925	4022	3125	4475
1414	340	3927	3967	6849	2759
1419	283	3938	3957	7331	1175
1421	2029	3938	3990	6849	2759
1424	2507	3943	4061	1453	3911
1431	284	3957	4031	1175	1756
1445	2030	4008	4202	2759	3125
1446	2176	4008	4083	7191	7181
1467	1920	4044	4097	4185	830
1471	1611	4058	4110	6849	2759
1487	241	4100	4158	960	4377
1491	965	4107	4147	3012	4630
1494	2421	4117	4176	6888	3243
1503	2697	4132	4250	3139	3113
1518	242	4175	4233	4377	6804
1519	381	4176	4305	4718	3251
1535	1612	4216	4350	2759	699
1547	2849	4235	4325	1419	3480
1549	724	4246	4389	2221	6296
1550	2698	4250	4392	3113	3243
1570	3128	4285	4394	5915	2759
1571	117	4286	4384	4718	2221
1577	2482	4298	4330	6900	5498
1578	382	4305	4307	3251	1453
1584	2364	4319	4380	508	5789
1618	383	4420	4557	1453	3631
1653	2109	4547	4656	669	508
1657	384	4557	4667	3631	3243
1664	2900	4581	4648	4238	2354
1668	3129	4591	4641	2759	6849
1669	1876	4593	4639	1823	2744
1670	2756	4595	4833	1453	6116
1676	2508	4618	4725	3911	1453
1677	2150	4619	4627	6116	5379
1678	678	4624	4666	5789	2949
1684	2151	4636	4680	5379	5398
1685	562	4640	4668	4651	5498
1689	2653	4644	4742	4475	3125
1690	2699	4644	4736	3243	3631
1692	2177	4647	4651	7181	4446
1694	1813	4657	4806	1453	4377
1695	2308	4657	4661	6804	6949
1696	285	4659	4736	1756	1175
1700	679	4666	4916	2949	2759
1702	385	4668	4741	3243	3631
1706	2309	4671	4734	6949	4377
1714	2179	4683	4780	4780	1075
1717	525	4693	4841	4630	7191
1718	2854	4694	4720	6142	1722
1720	1017	4704	4760	4630	4377
1722	243	4705	4765	6804	4377
1723	563	4709	4765	5498	3125
1724	2607	4709	4771	1938	1175
1731	1385	4723	4788	3631	508
1733	2152	4727	4757	5398	6116
1737	179	4738	4762	1453	997
1744	3017	4742	4778	1014	6900
1745	2552	4744	4805	4513	3870
1756	2901	4769	4874	2354	4238
1764	2180	4785	4822	1075	997
1765	3064	4786	4832	5789	4185
1768	2855	4796	4819	1722	6142
1776	728	4815	4862	1453	4196
1777	2153	4821	5079	6116	4513
1786	244	4850	4943	4377	7191
1787	2757	4850	4896	6116	3139
1789	2181	4852	4882	997	1453
1805	2655	4893	5102	1014	6142
1812	2553	4914	5038	3870	5915
1818	25	4952	5045	4513	3152
1822	1926	4966	5026	1419	2759
1824	1447	4974	5035	3480	6710
1834	680	5008	5129	2759	699
1849	439	5060	5075	3113	4196
1854	528	5066	5155	7191	4446
1868	72	5098	5211	4377	5818
1873	1386	5112	5169	508	3631
1875	440	5113	5199	4196	4513
1889	1877	5154	5291	2744	7331
1891	1448	5161	5223	6710	4513
1898	1387	5169	5177	3631	5789
1908	1500	5197	5219	830	2925
1916	73	5225	5343	5818	4377
1919	2511	5228	5408	1453	3139
1923	441	5239	5500	4513	6116
1924	3065	5241	5287	4185	830
1933	1501	5255	5330	2925	996
1947	2909	5278	5383	4377	4513
1958	2856	5304	5506	6142	7331
1960	286	5308	5381	1175	1756
1963	2608	5312	5376	1175	1938
1964	789	5314	5399	3152	4513
1971	3067	5332	5406	3631	3243
1974	1745	5346	5362	4621	1175
1979	1502	5354	5427	996	2925
1990	1077	5378	5402	997	1453
1991	2155	5378	5430	6849	2759
1992	2483	5378	5405	5498	4651
1996	287	5381	5436	1756	2993
2004	1746	5397	5471	1175	1756
2006	2910	5405	5574	4513	4238
2009	1503	5432	5461	2925	3631
2014	2156	5448	5642	2759	3125
2017	3068	5449	5570	3243	830
2029	1693	5462	5602	4377	1453
2033	1747	5471	5544	1756	14
2043	3132	5495	5553	4377	6804
2046	1928	5498	5550	6849	2759
2047	734	5504	5639	1453	4718
2067	1453	5547	5587	3012	4630
2068	1748	5551	5586	14	2221
2070	288	5554	5650	2993	7331
2071	2428	5557	5616	6888	3243
2078	855	5572	5690	3139	3113
2100	1819	5615	5673	4377	6804
2106	1749	5625	5720	2221	7331
2115	1929	5656	5790	2759	699
2131	1139	5686	5829	2221	6296
2161	2484	5759	5797	4651	1014
2172	1930	5790	5996	699	5593
2188	1993	5850	5902	1419	2759
2191	2323	5860	5997	1453	3631
2205	1394	5927	6033	1014	1823
2224	2324	5997	6107	3631	3243
2236	1931	6030	6056	5593	830
2238	982	6031	6081	2759	6849
2240	254	6035	6273	1453	6116
2251	856	6058	6165	3911	1453
2252	442	6059	6067	6116	5379
2257	645	6069	6101	3638	1938
2261	443	6076	6120	5379	5398
2263	2662	6080	6099	7331	4621
2264	2818	6080	6108	4651	5498
2266	27	6084	6182	4475	3125
2268	2429	6084	6176	3243	3631
2270	736	6087	6208	7181	1075
2271	1142	6090	6160	3349	1453
2272	1694	6097	6246	1453	4377
2273	3133	6097	6101	6804	6949
2274	2157	6099	6176	1756	1175
2277	3134	6101	6155	6949	4513
2285	2609	6111	6180	1938	1175
2296	75	6133	6281	4630	7191
2302	533	6144	6200	4630	4377
2303	1820	6145	6205	6804	4377
2304	646	6149	6211	1938	1175
2305	2819	6149	6205	5498	3125
2315	444	6167	6197	5398	6116
2323	2610	6180	6200	1175	1014
2335	1821	6205	6213	4377	6235
2343	858	6218	6253	997	1075
2346	737	6225	6262	1075	997
2348	1935	6226	6272	5789	4185
2352	28	6238	6428	3125	2759
2355	2328	6241	6363	3631	3113
2356	1822	6242	6308	6235	2354
2363	445	6261	6519	6116	4513
2373	255	6290	6336	6116	3139
2379	2126	6295	6301	4238	5078
2397	1276	6333	6542	1014	6142
2407	2127	6360	6375	5078	3012
2410	2128	6375	6486	3012	3638
2434	29	6448	6569	2759	699
2452	3031	6500	6515	3113	4196
2454	2489	6504	6509	7331	3125
2468	2490	6532	6565	3125	6563
2480	3137	6559	6682	5915	5100
2498	2491	6604	6637	6563	3125
2518	2492	6652	6687	3125	6563
2523	1632	6659	6803	3870	5915
2530	345	6679	6940	4513	6116
2531	1936	6681	6727	4185	830
2539	583	6698	6728	5915	669
2554	2493	6724	6757	6563	3125
2562	2822	6738	6796	3125	5498
2564	1277	6744	6946	6142	7331
2568	647	6752	6816	1175	1938
2569	2065	6754	6839	3152	4513
2579	2389	6790	6814	3631	6888
2585	303	6798	6817	7331	1175
2588	1461	6804	6958	1075	4377
2590	2494	6805	6902	3125	4475
2591	3078	6807	6847	6849	2759
2593	2158	6812	6876	1175	1938
2595	648	6816	6925	1938	6142
2598	985	6818	6870	6849	2759
2599	2823	6818	6845	5498	4651
2601	2331	6823	6941	1453	3911
2614	304	6868	6941	1175	1756
2617	1395	6874	6966	1823	1184
2624	80	6888	6974	4513	6849
2626	1998	6888	6963	7191	7181
2627	3079	6888	7082	2759	3125
2628	2978	6889	7010	3243	830
2673	2390	6997	7056	6888	3243
2676	1396	7007	7020	1184	7331
2679	1146	7012	7130	3139	3113
2690	746	7031	7100	960	3251
2695	692	7045	7172	4718	3251
2699	1699	7055	7113	4377	6804
2707	3080	7082	7089	3125	1014
2714	747	7100	7152	3251	4196
2736	32	7155	7162	699	5915
2742	868	7166	7264	4718	2221
2745	693	7172	7174	3251	1453
2762	2770	7237	7317	3139	3911
2783	694	7300	7437	1453	3631
2806	1573	7398	7500	1014	14
2814	1834	7425	7490	4630	3638
2825	2518	7458	7599	4718	2354
2830	205	7480	7525	960	4377
2846	1999	7527	7648	7181	1075
2858	1700	7585	7645	6804	4377
2860	407	7590	7759	669	830
2870	1286	7624	7685	4513	3870
2872	543	7633	7719	4196	4513
2873	986	7636	7694	2759	4778
2877	456	7651	7653	6296	4446
2881	2136	7656	7671	4621	3125
2887	2137	7678	7868	3125	2759
2891	1574	7700	7750	14	1014
2892	346	7701	7959	6116	4513
2893	2000	7704	7858	1075	4377
2897	1899	7714	7727	1419	4778
2900	1900	7727	7771	4778	2759
2902	501	7731	7850	5789	3243
2916	2391	7793	7869	3243	3631
2917	1287	7794	7918	3870	5915
2923	1466	7825	7892	4513	3870
2931	1153	7854	7915	3480	6710
2933	748	7857	7904	4196	1453
2942	2138	7888	8009	2759	699
2950	2584	7922	7924	1419	6849
2954	592	7940	7955	3113	4196
2955	1288	7940	7947	5915	699
2967	2073	8025	8111	6849	4513
2972	750	8063	8153	877	4446
2974	1578	8072	8257	669	830
2978	1945	8099	8245	4718	877
2980	1211	8119	8380	4513	6116
2993	2074	8208	8294	4513	6849
2994	2873	8208	8300	669	1419
2996	1706	8219	8368	4718	3251
3000	347	8239	8328	4513	4196
3002	2520	8242	8262	4238	6263
3003	1579	8257	8266	830	3631
3005	1946	8259	8324	877	3113
3010	2874	8300	8302	1419	6849
3012	1901	8328	8522	2759	3125
3014	348	8337	8384	4196	1453
3015	1947	8343	8507	3113	830
3018	2778	8348	8530	1453	3139
3019	593	8353	8439	4196	4513
3020	2447	8359	8440	1014	2997
3021	2586	8361	8463	4513	4377
3022	1707	8368	8420	3251	4196
3025	876	8406	8417	4621	1070
3026	3090	8418	8529	5789	3113
3027	939	8445	8533	1014	2997
3030	1527	8459	8533	3480	669
3031	1646	8464	8528	1014	2997
3032	2448	8464	8511	2997	3480
3033	877	8474	8500	1070	4010
3034	2587	8495	8553	4377	6804
3035	2449	8529	8608	3480	1419
3036	1528	8536	8681	669	830
3037	3091	8537	8590	3113	877
3038	1647	8542	8587	2997	3480
3039	38	8544	8581	6849	3959
3040	940	8547	8593	2997	3480
3043	2632	8593	8685	877	4446
3044	1289	8595	8714	699	2759
3045	1648	8596	8670	3480	669
3046	39	8597	8657	3959	4513
3047	2392	8600	8698	3631	3113
3048	941	8619	8678	3480	6710
3049	1649	8673	8818	669	830
3050	1529	8681	8683	830	5789
3051	349	8740	8877	1453	3631
3052	1580	8750	8884	3631	1453
3053	1650	8818	8820	830	5789
3054	2393	8903	9005	3113	3631
3055	594	8953	9012	4513	3959
3056	878	8979	9049	4010	6563
3057	595	9020	9060	3959	6849
3058	2588	9025	9085	6804	4377
3059	2521	9046	9070	6263	4377
3060	879	9049	9096	6563	4888
3062	1581	9068	9174	1453	3911
3064	1902	9118	9308	3125	2759
3065	2209	9135	9182	1453	4196
3066	1212	9141	9399	6116	4513
3067	2139	9147	9287	699	2759
3068	1582	9185	9291	3911	1453
3073	596	9225	9311	6849	4513
3079	2140	9328	9449	2759	699
3087	2210	9433	9519	4196	4513
3090	2007	9490	9495	4377	4718
3092	1583	9548	9654	1453	3911
3093	1040	9559	9820	4513	6116
3095	2981	9561	9607	4185	830
3098	1651	9596	9843	5789	3480
3100	1340	9606	9627	4621	1014
3101	2982	9607	9609	830	5789
3103	2394	9652	9726	3631	3243
3105	1584	9665	9771	3911	1453
3106	262	9673	9759	4196	4513
3110	1341	9682	9819	1014	2993
3114	1290	9768	9962	2759	3125
3115	1585	9771	9771	1453	877
3116	41	9772	9833	4377	4630
3117	1586	9772	9937	877	4238
3120	464	9813	9837	4718	3012
3121	880	9816	9904	4888	2997
3123	1709	9843	9860	4513	927
3124	2633	9856	9886	4446	960
3125	1652	9860	9906	3480	2997
3126	2983	9878	10025	5789	669
3127	1530	9887	10036	5789	669
3128	1214	9892	9953	4377	4630
3129	881	9915	9965	2997	3480
3130	751	9917	10017	4446	4513
3131	1653	9929	10012	2997	7331
3132	2212	9935	9993	4377	6804
3133	1587	9937	9939	4238	4718
3134	882	9975	10059	3480	699
3136	2078	9990	10059	1453	960
3137	2008	10011	10080	4718	4513
3138	1654	10012	10014	7331	1014
3139	1655	10014	10058	1014	6900
3140	752	10022	10080	4513	1419
3141	1903	10033	10080	2759	4513
3142	2141	10035	10080	699	2759
3143	2984	10035	10058	669	6710
3145	350	10040	10080	3631	3113
3146	1531	10043	10080	669	1419
3147	1588	10046	10080	4718	2221
3148	2925	10062	10080	3152	1419
