Costs	Duraton	Task_1	Task_2	Task_3	Task_4	Task_5	Task_6	Task_7	Task_8	Task_9	Task_10
1	470	3166	3167	2364	2365	2366	3171
1	440	3172	2369	2370	3173
1	380	2372	2373	3082	3177
1	410	995	996	997	2377
1	470	1526	2385	1528	1008
1	440	3092	1527	3094	1008
1	410	1532	1012	1013	1014
1	470	1015	1016	1017	1018
1	462	1279	1280	1281	1282
1	462	994	3174	2373	2374	2375	2376
1	432	3089	3090	1004	1528
1	360	3091	3092	3093	1007
1	402	1529	2390	2391	1530
1	436	1484	429	2713
1	360	2923	2924	1357
1	433	2284	2285	2286
1	474	2727	976	977	978
1	448	2620	16	2792	1201	1202	1408
1	433	353	2213	87	88
1	479	850	851	1164	1165	853	854	855
1	476	2720	2721	2722	2723	2724	2725	2726	1136
1	476	2728	13	2615
1	473	1641	1727	1889	867	1242	3042	3043
1	451	1490	1491	1688
1	377	1599	1600	1494
1	424	1546	469	2720	8	9
1	462	2841	2778	2915
1	398	2916	2614	758	759
1	435	1404	1968	1309
1	461	1967	3069	2132
1	435	831	2141	2142
1	476	836	2453	2454
1	462	1365	1573	1574
1	463	28	787	3127
1	458	1992	563	564
1	377	565	566	253
1	463	2169	626	627
1	378	1883	2281	264	265
1	374	1885	1886	1887
1	421	200	2434	2435	2436	1541	1542	204
1	453	1850	1601	2777
1	465	1405	1969	1970
1	436	1097	1098	251
1	475	504	505	506	1873	1874	1875
1	461	1876	1877	1878	624	625
1	401	1713	1714	1715	1716	1717	1718	1719
1	462	1881	860	861	369	370
1	472	967	1639	2105
1	438	1851	10	11
1	419	12	1347	1348
1	400	1964	760	761
1	463	2848	1307	2131
1	478	2796	2797	2798	2799
1	409	2932	1572	495
1	478	2332	2333	2334	2335
1	379	2171	858	859
1	395	570	961	962
1	417	627	2819	1720
1	453	2336	2337	45	1385	1638
1	376	968	3045	3046
1	436	255	99	100	101	102	1328
1	479	2659	1797	170	171
1	448	1598	2561	1799	2112	2113	2114	2115
1	479	1904	3066	2918
1	458	2917	1554	226	227	228	333
1	373	1966	1350	1351	1033
1	479	2804	2946	2947	507	2425
1	479	3139	1634	1635	2175
1	458	2174	523	2701	3143
1	433	815	1026	1027	1028
1	455	1163	2093	2094	1932	1933
1	418	1555	1556	1557	1558	1559
1	462	2412	2413	2414	937	938
1	404	937	938	243	244
1	446	2525	2526	2040
1	380	1047	2045	2046	2047
1	365	1107	1108	1050
1	394	636	1117	1118	1119
1	396	539	540	541	542	543	1074
1	480	598	599	1670	1671	600	601
1	463	1817	1818
1	463	668	669
1	463	2640	2641
1	410	2757	157	1626	2004
1	376	1649	1650	1651	1652	2502
1	376	219	220	221	222	223
1	434	2402	2403	2404	1808	1809	1810	2569
1	440	2570	2571	135
1	376	2960	2961	2962	2963	2964
1	366	2490	2491	2492	2493	2494
1	382	2583	2584	680
1	382	2496	2497	2498	2499	2500	2501	1653	1654	1655
1	382	2529	2530	2531	2532	2533	1828	1829	1771
1	382	42	43	2588
1	471	706	1849	1600	1601	1602
1	374	2004	160	2472	44
1	471	2050	2051	2052	2053	2645
1	477	3123	784	496
1	456	717	2994	2995	718	1077
1	475	2256	1217	1218	1219
1	475	673	674	675	1102	1103
1	428	2339	2967	2646
1	450	2232	2233	2234	2774	210
1	427	481	1037	344	1086	1087	1088
1	435	3049	2227	2829	2830	2831
1	446	291	1864	1865	1866	1674
1	436	2219	1325	1326	1327
1	413	1058	1059	1060	1061	1062
1	429	1550	1551	1552	1663
1	464	1563	1270	1863	1864	1213
1	405	184	185	186	1863	1864	1865
1	429	2419	2420	2421	2422	2423	613
1	401	612	613	614	615	1872
1	413	3050	3051	1054	167
1	464	1868	1869	1041	1042
1	464	796	897	2273	2274
1	458	1645	1646	1647	640
1	458	2043	2044	2538	2221
1	473	689	690	691	692	1115	1116
1	403	702	703	2231	2232	644
1	381	3000	3001	549	550	551
1	360	2642	158
1	471	2812	2813	2814	363	364	2471
1	465	2196	2197	2319
1	471	1961	2441	2442	1262
1	471	2029	2030	2031	2032	2320	2321	2033
1	440	2988	2989	2990	2991
1	433	2675	2676	2677	2678	1511	1512	1982
1	433	1702	93	451
1	476	1837	1838	1839	2591	2592	1053
1	560	987	79	80	988	989	990
1	586	991	992	2370	1281	1282	3081
1	590	3174	3175	3082	3177	3178	3085
1	560	1003	1004	2386	2387	2388	1008
1	507	3094	3095	3096	418	419
1	590	2480	1010	2392	1012
1	590	1530	1531	1011	2393	2394	585
1	530	1017	1018	1019	1020	1021	1022
1	522	1731	1	906	54	55	56
1	552	55	56	908	909	910	911	912	913
1	582	810	811	916	917	812	1744
1	522	1743	1744	3157	3158	3159	3160
1	582	924	925	984	985	926	927
1	552	982	983	984	985	75	927
1	492	75	76	928	929	930	931
1	517	1913	1914	1915	1277	1278	992	993
1	492	2367	2368	2369	2370	1281	1282
1	582	998	999	1000	1001	1678	1679
1	492	3179	3180	1000	1001	2381	2382
1	510	1091	1986	1987	3080	1150
1	500	1677	2381	1679	1680
1	539	1482	1483	1329	429	2554
1	574	1389	1390	1391	1392	1393	1394	6	7	1691	1692
1	583	1395	1396	1397	1398	1399
1	503	1340	438	439	974	2565	2566
1	535	820	821	1908	1909	2670	2671	444	445
1	578	2926	2927	2632	2633	2676	2677	2678	2679	2680	2681	2682
1	566	2677	2678	1511	1512	1982	1983	1149	1985
1	569	2683	2684	27	2455	2456	2457	2458
1	550	3014	3015	3016	2160	2161	2162	3133	953	954
1	521	1534	1244	1245	2057	2058	2059	2060
1	556	946	947	948	3016	2160	2161	2162	2163	2164	2165
1	589	1330	1486	1487	2179	2180	2181	2182	2183
1	583	1485	1486	1487	2179	2180	2181	2182	2183
1	580	2202	2203	2204	2205	2206	2207	2208
1	536	345	1510	2679	2680	2681	2682	24	25
1	552	402	2807	2089	2090	1998	1929
1	513	1168	1169	1170	1171	1172	1173
1	565	1174	3140	2100	2101	2102
1	596	2660	2661	2662	2838	1338	1339	2069	2070	2071	2072	2073
1	562	2074	2075	2781	2782	2783
1	540	764	765	766	767	768	769	770	771	2134	2627
1	541	1756	1757	1758	1862	1034
1	562	772	827	828	2138	2139	2200
1	590	2134	2627	828	829	830	1207	2630
1	568	2317	2318	1082	1083	1084
1	534	341	342	1357	1358	1359	1509	1510	2679
1	591	1085	1086	1087	488	489	2681	2682	2683	2684
1	524	2929	2930	2931	393	394
1	598	346	347	3074	493	351
1	541	2208	26	352	1987	1988	1989	1990
1	568	1420	1421	2941	2942	2943
1	596	2805	1158	1159	1704	2161	2162	2163	2164	2165	2166	2167
1	534	517	518	2097	2098	2099	3141	1232	2280
1	560	2281	2282	2283	3035	3036	2103	2104	1888
1	518	2658	2659	1188	1189
1	550	1134	1135	975	1137	1344	1345	1346
1	587	2729	2847	1197
1	524	2122	2123	2124	2125	2126	1349
1	494	3068	825	826
1	499	824	2795	1972
1	538	2143	2144	2145	2146	350
1	598	394	395	396	397	1092	1093	1094	1095
1	524	1096	1993	1994
1	572	789	790	791	400	401	2945	2946	2947	507	508
1	591	848	849	3134	2465	1708	1709	1710	1711
1	550	512	513	956	957	958	959	960
1	521	3021	3022	305	306	2172	2817	2818
1	548	1631	1632	3033	3034	3186	3187	3188	3189
1	538	964	965	966	967	1639
1	507	1888	1889	3043	3044
1	544	2011	2012	2013	2185	2186
1	557	205	1128	1190
1	512	1127	1128	2907
1	528	2908	2909	2910	2911	2912	2913	2914	2779	2780
1	549	2842	2843	2844	2845	2846
1	596	656	762	763	2793	2794
1	528	349	2147	2148	783	784	785	786
1	565	29	30	31	501	502	503
1	561	3191	1783	310
1	560	1595	2655	2656
1	520	206	1849	1191	1192	1193
1	557	657	658	659	660	661
1	544	2449	2450	1364	1365	1366
1	588	3073	3074	493	494	495
1	488	788	562	846
1	572	2158	509	510	618	619	620	2331
1	588	847	848	1999	2000	2001
1	575	1927	1928	2168	2169	2170
1	555	3020	1712	1629
1	527	1630	1631	1175	1176	1177
1	525	1061	1334	1335	1336	2840	1495
1	507	3067	1310	1311	1312
1	524	292	2415	2416	939	940	941
1	586	2466	2467	2468	361	362	2815	102	1328
1	560	471	2613	2614	14
1	593	15	2621	2622	2623	1755	1756
1	558	332	333	2919	2628
1	594	2629	2630	2929	2801
1	493	1752	1030	1031	2792	477	2624
1	594	479	446	447
1	598	482	483	484	485	486	487	1362	2681
1	581	3080	1150	1151	1152	1153	400	401	92
1	597	1154	1155	1156	1157	1582	3130	1705	2090	1162
1	539	1522	1523	1524	1935	1936	1937	1938	1939
1	512	865	1239	1240	1241
1	588	2896	2897	2898	268	166
1	579	2899	2900	1054	1055	1056
1	567	3053	3054	320
1	574	2112	2113	2114	2115	172	173
1	590	2504	2505	756	757	1343	1138
1	564	321	322	174	175
1	560	709	710	711	2024	876	877
1	591	174	175	2507	715
1	578	325	326	327	328	329	330
1	511	1807	222	223	224	225	226	227
1	527	1071	1072	1810	1811	284
1	556	226	227	228	229	230	231	232
1	527	720	721	181	182	1670	1671
1	561	546	547	2253	2254
1	573	1316	2523	3008	240	241	242
1	487	1209	1210	1211	1212	1865	1214	2415	2416
1	522	2255	2859	2860
1	586	3010	2207	2685	2686	2687	2688
1	590	2861	2862	1869	2690
1	573	2691	2041	733	734	1469
1	483	2086	2087	2088	2808	2269	2270
1	484	2949	2950	1472
1	590	2271	2272	1045	1473	1474	1475
1	564	1470	1471	1472	2469	2470
1	561	1046	1047	1048	1049
1	591	2469	2470	363	364	1587	1588
1	560	2815	2816	2429	2430	105	106
1	573	1109	2762	2698	2699	2700
1	522	1589	108	109
1	485	2701	2702	2703	2704	2705
1	590	110	111	1478	2431
1	561	2892	2825	2826	3106
1	565	313	314	315	316	1647
1	597	125	126	127	128	129
1	543	125	126	379	380	381	382	383
1	565	384	2509	2244	1556
1	556	1613	2573	2574	548
1	537	721	2517	2518	2519	2520	2521	2522
1	600	3002	3003	3004	3005	3006	3007	934	935
1	548	2252	2253	2523	934	935
1	536	2854	2855	881	934	935
1	514	688	689	690	3105
1	493	1112	1113	2823	112
1	573	111	1478	2431	2824
1	583	2395	1846
1	534	1845	1846	533	534
1	583	537	1453
1	543	539	540	541	542	223	1812	1813
1	558	2509	2850	2851	386	387
1	529	2509	2510	2511	2512	2513	2514
1	583	2079	3120
1	583	3119	1457
1	543	2081	2082	1458	1459	2747	2748	2749	2750
1	494	602	1568	1569	2257	2258	2259	2260
1	583	2261	2262	2263	2752	2753
1	583	1461	1623
1	598	1465	1466	249	2870	2871	2872	2873
1	583	2586	739
1	583	738	1834
1	480	1833	2587
1	558	2473	2338	108	2590
1	545	2473	2338	108	1051	1052
1	534	1840	1841	2595	2596	2597	2598	1842	1843
1	593	2593	2594	2595	2596	2597	2598	2599	743
1	492	2597	2598	1842	1843	528	1180
1	544	2492	2493	2494	2495	2496
1	547	270	271	272	273	2497	2498	2499
1	483	1303	1304	1305	2850
1	553	2851	2852	1075	132	133	134	135
1	575	235	236	237	2744	2745	2746	2857	603
1	553	604	605	1820	1821	1822	1823
1	571	1824	1825	1826	889	890	154	2583
1	553	735	736	36	37	38	39
1	524	40	41	2880	2881	2882	2883	2884	2885	2964
1	509	2699	3099	3100
1	503	2024	2241	2242	2243
1	521	2968	2054	2055	3192	46
1	537	1602	1603	1604	2023	712
1	525	713	714	2508	2243	1306
1	491	1081	832	1566
1	537	406	407	2953	2954	2955	409	1627
1	524	2738	2739	2740
1	599	2741	2742	2743	139	140	2745	2746	2857	2858
1	532	146	147	148	2865	2866	2867
1	541	408	2956	2957	2958	2959	411	412
1	549	408	1105	1106	685	686
1	488	1104	1105	2696
1	524	2647	2226	1592
1	535	2995	2996	2997	2998	2999	3000
1	542	1759	1760	1761	1670	1671	1672	1272
1	582	726	1868	1869	1041
1	582	1044	1045	2469	2273
1	500	901	902	1479
1	500	1480	1481	1729
1	587	1059	1060	1061	1334	1063	1548
1	586	475	1310	335	336	337	338
1	549	336	337	1561	1562	290
1	524	339	1208	1209	1210	1211	1212
1	541	2422	500	1577	2944	2945	2946	1872	1873
1	587	613	614	615	2216	2217	2218
1	587	103	801	899
1	589	267	460	461	462	463
1	500	1125	1126	1544	2560	2561
1	584	1054	167	754	2832
1	509	796	797	362	363	364	365
1	490	1299	2190
1	592	1801	1802	1066
1	598	140	2745	2746	602	1568	1569	2257	2258	1618
1	600	645	646	2189	1897
1	557	2234	2235	2236	2237	2189	1897
1	586	2985	2986	2987	2988	1605	1606
1	538	2020	2021	2022	1605	1606
1	525	1607	1608	1609	130	1142
1	571	147	148	149	150	886	887	888	889	890
1	538	2869	2870	2871	674	675
1	598	2951	2952	2877
1	558	1472	2876	2697
1	530	2958	2959	411	412	413	414	415	416
1	593	2878	2879	2880	2881	2882	2883	2884	2885	2964	2965	2966
1	598	2878	2879	2880	2881	2882	2883	2884	2885	2964	2965	1590
1	589	2763	107	2647
1	498	1846	533	534	535
1	498	875	711	2024	2241
1	497	3116	3117
1	498	538	539	540	1454
1	498	3120	2081	2082	2083
1	512	2639	670
1	497	669	2754
1	498	1462	1463	1464	1624
1	497	159	740
1	556	2106	2979	2980	2981
1	589	708	709	710	711	2024	876
1	575	608	609	610	1768	1769
1	589	2810	2811	2812	160
1	575	695	114	115	746
1	557	973	974	2118	441	815
1	539	1985	1986	2212	2456	2457	194
1	591	1985	1986	1987	3080	1283	1284	1285
1	600	1289	1290	1291	2007	200
1	535	1538	1539	1254	1255	1256	1257
1	600	201	202	203	1543	2187
1	521	1958	1959	2912	2913
1	521	781	782	2324	2035	2036
1	548	555	838	839	1367	1368	1369
1	543	784	840	841	842	843
1	574	1426	1427	1377	1378	1379
1	600	621	622	623	624	625	1713	1382	1383
1	495	623	2002	1628	1434
1	589	2438	2912	2913	2914	2779	2780	2730	2441
1	589	1263	1264	1265	2030	2031	2032	2320
1	559	2034	2035	2036	1370	1371	1372
1	513	3007	934	935	936	1215	1216	1217
1	536	1444	1445	1487	1488
1	573	649	650	651	652	653	654
1	573	2149	2150	2151	2152	2153	2154
1	573	1775	1776	1777	1778	1779	1780
1	555	3059	3060	2567
1	509	2006	741	2593	2594	742
1	462	2371	3176	3083	3084
1	462	2389	584	2391	1530
1	402	1529	1009	2391	1530
1	466	488	489	1363	3075	2209	2210
1	436	2288	1245	2057	2058
1	406	428	429	2554	2555	2556
1	463	773	2198	1269
1	398	1575	1576	501	502
1	435	307	308	963
1	450	1640	1641	1890	1891
1	479	3045	3046	2056
1	403	2820	1384	1385
1	418	2906	1689	1690	1341	1342
1	450	2609	2835	2836
1	446	1147	1698	484	485	486
1	438	590	2110	2111	2112	2113
1	479	1803	1804	1805	1343	1138
1	361	1066	1067	1068	1069	1070
1	440	316	317	318	319
1	460	1290	1291	1292	751	587
1	438	2497	2498	642	1652	1653	1654	2397	2398
1	381	214	215	216	217	218
1	471	250	251	252	567	406
1	466	207	208	209	2775	2776
1	466	2849	2510	2511	2512	2513
1	466	1567	1568	1569	1570	1571
1	466	1099	2870	2871	2872	893
1	471	704	705	208
1	427	1694	2786	2787	2788	2789
1	480	2790	2791	2792	1201	1353	1354	480
1	400	594	595	722	723
1	465	899	900
1	413	1902	1663	1664	1665	1666
1	449	2227	2228	2229	753
1	417	1505	1506	1974
1	458	278	279	280	281
1	458	2573	2574	2575	1615
1	458	883	884	885	886
1	468	2952	1104	409	410	411
1	476	2967	2968	2969	2970	633	2225
1	441	1625	1833
1	431	2439	2440	2731	2732	2733	2734
1	463	2028	2029	2030	2031	2032
1	431	775	776	777	778	779	780
1	455	1430	1431	1432	1433	2820
1	471	1369	1370	1371	1372	1373	2329
1	457	2937	147	148	149	730	731
1	407	2924	2925	2926	2633	2634
1	363	3097	3098	2475	2476	2477
1	592	52	2550	2551	1733
1	558	803	53	1732	1733
1	590	1740	1741	1742	918
1	586	62	63	64	65
1	500	1744	1745	1746	1747	1748	3161
1	560	72	73	74	3165
1	556	3162	3163	3164	986
1	500	76	77	78	930	931	932
1	526	2378	2379	2380	3089
1	522	1731	905	55	56
1	552	804	2293	806	807	808	809
1	582	812	813	814	980	981
1	500	2291	55	907	2
1	504	2291	2552	2553	2609
1	500	2356	1743	1744	2357
1	533	1417	3079	3080	1150
1	589	2277	2278	2279	580	581	582	583	420	421
1	564	2714	2715	2662	2838	2719	2720	2721	2722
1	523	1160	1161	2091	2092	955	853	854
1	540	1243	1535	2058	2059	2060
1	569	2351	2352	2299	2300
1	541	2839	470	2116	2117
1	544	1511	1512	1982	1983	1984	1985	2211
1	593	1705	1706	301	302	303	304
1	507	870	871	2057	2058
1	586	2784	2785	3063	3064	3065	1199	1200
1	524	1403	1404	1308	1406	1407
1	568	790	791	792	793	92	1517	1704	1705
1	541	3135	3136	3137	3138	516
1	538	1129	1130	1131	1132	1133
1	518	1270	1271	1272	1273	1274	835
1	519	1925	1926	511
1	596	1782	1721	3190
1	593	496	2940	2327	2156	2157
1	555	564	2159	3017	3018	3019
1	588	2179	2180	2181	1597	1332
1	599	1496	1497	1662	1663	1664
1	563	1343	1344	1345	1662	1553
1	586	2215	616	2948	2269	300	1707
1	586	2466	2467	255	256	102	1328
1	571	2659	2016	2017	2114	2115
1	555	2303	2304	1065	1660	1900	1901	1902	1903
1	496	1507	1040	2802	2803
1	571	2804	403	404	2269	300
1	537	951	952	1930	1931	852	514	515
1	560	2426	2427	2428	2173
1	529	1792	1793	430	431	432	433	434	1337	1338
1	591	3148	3149	3150	3151	3152	1856	1857
1	550	442	816	817	818
1	598	3132	1518	1519	1520	1521
1	586	1934	1525	3182	3183	3184
1	592	574	575	1229	1230	1231	3142	862	863	864
1	586	1028	1029	19
1	586	22	23	1980	1981	1513
1	566	2899	2900	1054	2107	2108
1	560	2107	587	588	589
1	484	2018	2019	1898
1	561	378	1300	1301	327
1	526	716	2245	718	719
1	586	331	332	333	334	1313
1	590	720	721	1314	1315
1	545	293	294	295	1767	1768
1	561	245	1320	1321	1223
1	560	499	500	32	1224	2267	2268
1	533	33	2692	733	734	1469
1	579	405	894	895	896
1	590	2220	2875	897	1586
1	560	2811	2812	2813	161
1	560	2815	799	103	104	105	106
1	566	2703	2704	632	2971	2888
1	579	2703	2704	632	524	525
1	519	2894	3106	116	117	118
1	565	313	639	316	1647
1	573	166	167	3052	1447
1	554	1657	1658	1659	1066	1067	1068	1069
1	550	322	323	324	1139	1140
1	573	322	174	2506	129
1	595	2192	1075
1	550	721	722	1669	1670	880
1	583	144	145	1220	1320	247
1	595	34	35
1	493	2537	682	683	684
1	487	2048	2049	2474	2475
1	587	2476	687	1112	1113
1	573	113	2769	903	3198
1	566	2515	2516	233	234	665
1	558	602	2858	2859	606
1	600	2857	2750	2261	1621
1	537	2084	1770	1467	1772
1	516	1181	2547	2548	747
1	568	643	2984	210	211	212	213
1	524	2527	2528	2529	2530	888	1827	1468
1	583	2237	1297	1451	711
1	521	2513	1970	1971	662	663
1	521	1571	1572	1573	496	2038
1	564	2039	889	890	891	892
1	521	893	568	569	2002	2003
1	537	2933	2934	2935	2936	2937	2938	2939
1	524	472	591	592	473
1	513	1668	595	722	723
1	569	1123	1124	2904	2905	1333
1	569	559	560	561	3128	2214	2215
1	509	2901	2902	1056	2109
1	584	595	722	723	724
1	509	1868	609	2265	2266
1	490	1894	120
1	490	2251	2854
1	490	2759	2760
1	575	637	2893	3198	638
1	569	880	2523	3008	3009	937
1	598	2406	223	224	2994	2995	2246	2247	2248
1	598	2533	1828	892	1100	1101	676	677	678
1	530	702	703	275	276	3056	3057
1	576	3000	3001	879	1671	2577	2578
1	583	295	2689	727	728	729	730	2868
1	576	147	148	149	150	151	152	153
1	532	1105	1106	2539	2540	2541
1	548	2967	2968	2969	2970	633	1114
1	506	532	874
1	497	2396	1847
1	506	536	1452
1	496	2240	2025
1	506	3118	1456
1	498	1455	1817
1	497	2080	3121
1	506	1460	1622
1	496	1832	2643
1	498	739	1835
1	589	545	596	597	2410
1	536	1253	2009	2010	1257
1	521	2735	2027	1264	1265
1	594	2037	2940	2327	2328
1	589	2330	621	622	1380	1381	1382
1	595	1719	1720	1882	1637	371	309
1	513	2992	2993	2994	2995	2246
1	410	2293	2294	2295	61
1	462	926	927	2363	3168	3169	3170
1	400	2657	1490	1491
1	427	1919	1920	1921	1922	1579	947	94
1	405	1489	2013	2014	2015	1188
1	433	3147	2837	3149
1	560	919	920	921	922	923	71
1	590	3086	3087	3088	1002
1	510	2383	2384	3181	1005	1006	2388
1	597	2310	2311	1202	1203	2133	2920	2921	2922
1	560	2163	2164	2165	2166	1166	1167	3023	3024
1	540	3025	3026	3027	3028	3029	259	3033	3185
1	523	1235	1236	1237	1238	1726	3040	3041
1	556	2297	2298	2717	2718	1338	1339	2069	2070	2071
1	554	1579	1580	1581	949	3130	3131	2162	3133
1	598	578	1943	1944	1945	3037	3038	3039
1	568	2201	1036	83	1978	1979	488	489	490
1	579	2631	2928	1508	85	86	2207
1	551	1991	3128	2804	2805	2806
1	482	1578	1923	1924	299	2089
1	588	1583	1584	2218	1709	1710
1	598	1852	1853	1854	1855	440	2119	2120	2121
1	590	1965	1904	1905	1906	823
1	510	1198	1199	2129	476	1203
1	538	1204	1205	2199
1	573	254	1708	1709	1710	1167	856	857
1	595	571	572	573	519	3032	1633	1634	368	369
1	590	628	3139	3140	3141	1884
1	532	1196	2127	2128	2129	2130
1	574	3072	2800	2450	2451	2452
1	512	1206	2140	392
1	516	838	839	1367	1368	3125	3126
1	538	340	1035	342	343	1038	1039	346
1	593	2065	435	436	437	2301	2302
1	594	1576	297	298	1995
1	537	1944	265	1640	1728
1	563	819	1753	1754	2624
1	585	766	767	768	769	770	1409	1410	1411	1412	1413
1	586	1516	2461	1518
1	586	456	457	458	459
1	525	2975	2976	2977	2978	165	166
1	579	2504	2505	756	1899	1900
1	560	596	597	598	2411
1	539	664	2521	2522	2856	2857
1	537	2736	2737	1078	1079	1080
1	586	1060	1061	1798	2562	1549
1	572	240	2636	2751	294
1	583	295	2863	2868
1	599	1183	1184	1185	1186	1391	2066	2067	2068	2663
1	595	2447	2448	2449	348	837	838
1	482	1687	1492	1493	2909
1	462	2292	1734	1735	1736	1737	1738
1	460	1290	374	751	587
1	455	1430	1431	1432	1880	2820
1	590	805	57	58	59	60	1739
1	530	66	67	68	69	70	71
1	582	3032	521	522	1636	1722	1723	1724	1725
1	577	3035	3036	3037	3038	866	867	868
1	594	979	2618	2308	2309	1030	1031	1032	1352
1	594	518	3031	520	260	261	262	263
1	520	2557	2558	2559	1545	1336
1	554	1564	1565	833	834	835
1	560	1595	199	2656
1	593	3129	950	951	952	2464	3135
1	593	629	630	1944	1945	1946	1947
1	529	1501	1502	1503	1907	822	764	765
1	563	1703	2462	2463	953
1	588	943	2423	2424	2215
1	525	1607	1608	1609	1141	1142
1	599	1911	1912	83	84	189	190	191
1	479	478	2625	2626	2135	2136	2137
1	582	914	915	3155	3156
1	484	1939	1940	1941	1942	579	580	581	3035
1	576	1642	1889	867	1242	869
1	549	977	2616	1402	1504
1	548	2348	2349	2350	2184	2660	1187	2066	2067
1	545	285	286	287	288	182
1	592	136	137	138	238	239	240	241
1	586	1274	1275	1276	492	2685	2686	2687	942
1	427	1789	1790	1791	1792	466	2715	2716	2353
1	553	465	1793	1794	1795	1796	1392	1393	1394	6
1	594	89	90	91	794	795	1996	1997
1	580	16	2312	2313	2314	2315	2316
1	599	2664	2665	2666	2667	2668	2669	1910
1	508	1400	1401	2617	2618	2619	17	18
1	553	258	3030	576	577	1233	1234	1235
1	580	188	1363	491	1916	1917	3078	1418	1419
1	574	1358	1359	1360	1361	1362	1363	3075	3076	3077
1	579	1388	2714	467	468	469	2720	2721

MyIndex	Index	StartTime	EndTime	StartStation	Endstation
1	1441	103	170	1014	2997
5	2607	131	227	1014	2993
7	2651	140	189	1014	5100
8	2709	163	348	1014	6142
9	1182	167	273	1014	1823
10	311	175	213	4718	6263
12	2176	182	311	2759	699
13	373	187	296	4718	877
15	1442	198	247	2997	3480
16	2652	205	233	5100	2997
18	312	213	239	6263	4377
22	2653	248	297	2997	3480
23	1953	263	365	3113	3631
24	1443	265	327	3480	6710
26	198	272	352	1419	669
28	2770	275	276	3638	2221
30	697	280	325	960	4377
32	2489	285	330	4446	3349
35	873	298	405	3911	1453
36	3107	299	307	6116	5379
41	2654	314	387	3480	669
42	2343	316	417	1453	4377
43	3108	316	360	5379	5398
45	2290	324	422	4475	3125
46	698	325	330	4377	4718
47	749	327	448	7181	1075
49	375	337	486	1453	4377
50	970	339	416	1756	1175
53	1537	348	421	3243	3631
54	2710	348	373	6142	1722
55	1596	350	396	669	3152
57	1023	351	420	1938	1175
59	2771	354	442	2221	14
61	1252	358	428	508	3631
64	1644	373	521	4630	7191
67	119	384	440	4630	4377
70	699	386	420	4718	3012
71	2062	389	445	5498	3125
72	3144	389	451	1938	1175
77	1954	403	468	3631	508
79	3109	407	437	5398	6116
80	2344	417	422	4377	5078
81	700	420	428	3012	6263
88	1293	435	464	1453	997
90	750	448	455	1075	1453
94	269	455	478	4377	4446
97	1893	458	493	997	1075
99	1540	466	512	5789	4185
100	586	470	618	3139	4196
102	2711	476	499	1722	6142
103	427	478	560	1419	3480
104	2063	478	668	3125	2759
112	3110	501	759	6116	4513
113	1788	504	562	4621	6900
115	2008	506	508	830	5789
117	2177	531	571	699	5287
118	1294	532	562	997	1453
122	2712	545	744	6142	7331
125	752	553	639	4196	4513
130	2178	571	589	5287	3152
131	1386	573	782	1014	6142
139	2345	600	615	5078	3012
140	1683	606	637	1197	3243
141	2346	615	725	3012	2221
145	1331	646	722	3480	1419
155	1122	688	809	2759	699
161	2433	716	785	508	3631
168	2230	760	902	4513	4238
177	2064	781	825	2759	1419
178	1684	783	850	3243	6888
180	1955	792	849	508	3631
182	464	799	922	5915	5100
186	701	812	844	6263	4718
192	1446	841	903	6710	4513
198	1648	850	873	4377	4446
199	1685	850	888	6888	3631
200	2608	852	954	2993	7331
210	1956	896	927	3631	2925
211	1057	897	962	4513	5915
212	2903	899	1043	3870	5915
215	1295	908	1088	1453	3139
216	3111	919	1180	4513	6116
230	2347	950	1038	2221	7331
242	3	978	1036	3125	5498
243	1387	984	1186	6142	7331
246	971	988	1061	1175	1756
249	1024	992	1056	1175	1938
256	1258	1012	1086	3631	3243
262	1686	1030	1054	3631	6888
263	274	1032	1085	4446	4238
266	2437	1037	1075	4185	3631
270	121	1044	1198	1075	4377
272	2610	1045	1142	3125	4475
275	4	1058	1085	5498	4651
278	2833	1058	1110	6849	2759
287	3145	1077	1151	1175	1756
293	1957	1112	1141	2925	3631
298	2296	1116	1176	4621	5100
303	641	1128	1203	7191	7181
306	2834	1128	1322	2759	3125
307	1895	1132	1193	4377	4630
313	1448	1142	1282	4377	1453
318	3146	1151	1206	1756	2993
319	2982	1153	1239	4196	4513
329	376	1175	1233	4377	6804
332	168	1178	1230	6849	2759
353	2772	1231	1266	14	2221
361	1848	1252	1370	3139	3113
362	3055	1252	1313	4377	4630
382	122	1295	1353	4377	6804
396	169	1336	1470	2759	699
400	2983	1340	1519	4513	4238
412	707	1363	1378	3113	4196
413	2773	1366	1509	2221	6296
432	3058	1406	1504	4718	2221
443	5	1439	1477	4651	1014
457	1547	1483	1535	1419	2759
460	2503	1497	1612	4446	4513
476	647	1540	1677	1453	3631
478	2188	1550	1684	3631	1453
479	1800	1555	1572	4513	927
512	648	1677	1787	3631	3243
526	1064	1711	1761	2759	6849
529	2238	1715	1953	1453	6116
532	1656	1720	1765	960	4377
535	2399	1725	1770	4446	3349
540	1296	1738	1845	3911	1453
541	3112	1739	1747	6116	5379
551	3113	1756	1800	5379	5398
552	2354	1760	1788	4651	5498
555	1259	1764	1856	3243	3631
556	2611	1764	1862	4475	3125
558	1449	1767	1888	7181	1075
560	123	1777	1781	6804	6949
561	972	1779	1856	1756	1175
562	1194	1781	1821	5789	4185
570	124	1791	1854	6949	4377
583	277	1813	1961	4630	7191
588	755	1824	1874	2759	6849
589	1896	1824	1880	4630	4377
590	377	1825	1882	6804	4513
592	1025	1829	1891	1938	1175
593	2355	1829	1885	5498	3125
599	1960	1843	1908	3631	508
601	3114	1847	1877	5398	6116
608	1260	1859	1888	3631	4185
610	1693	1862	1898	1014	6900
615	3115	1877	1939	6116	3139
623	1298	1898	1933	997	1075
626	1450	1905	1942	1075	997
630	3153	1915	2099	1014	2744
633	2612	1918	2108	3125	2759
645	2239	1953	2015	6116	3139
652	2563	1971	2011	699	5287
668	2564	2011	2080	5287	2997
669	3061	2013	2222	1014	6142
696	3154	2099	2206	2744	4621
697	1858	2101	2106	7331	3125
704	2076	2136	2333	830	1453
746	1498	2239	2357	5915	5773
751	1962	2255	2278	3631	6990
760	1963	2278	2289	6990	5789
782	1661	2339	2483	3870	5915
789	1499	2357	2411	5773	7073
790	176	2359	2620	4513	6116
791	1195	2361	2407	4185	830
812	2400	2400	2412	3349	960
814	1302	2410	2433	4377	4446
818	2358	2418	2476	3125	5498
821	3062	2424	2626	6142	7331
828	1806	2434	2519	3152	4513
838	2443	2470	2494	3631	6888
844	1261	2477	2515	4185	3631
845	2401	2477	2517	960	4446
850	2191	2484	2638	1075	4377
851	1859	2485	2582	3125	4475
852	2305	2487	2527	6849	2759
854	443	2492	2556	1175	1938
859	593	2498	2550	6849	2759
861	1695	2498	2517	7331	1175
862	2359	2498	2525	5498	4651
865	2077	2503	2621	1453	3911
874	1696	2517	2591	1175	1756
885	1500	2556	2567	7073	7331
887	282	2568	2643	7191	7181
889	2306	2568	2762	2759	3125
892	655	2569	2690	3243	830
913	2405	2601	2619	4446	4780
918	1610	2615	2673	4377	6804
920	1749	2616	2655	4621	14
936	1750	2671	2706	14	2221
939	2444	2677	2749	6888	3243
947	2026	2692	2810	3139	3113
962	1073	2725	2852	4718	3251
968	1751	2745	2840	2221	7331
975	2307	2762	2774	3125	1184
979	474	2776	2910	2759	699
982	544	2780	2832	3251	4196
990	385	2790	2859	1453	960
993	2568	2806	2949	2221	6296
1011	1667	2845	2954	5915	2759
1012	1143	2846	2944	4718	2221
1022	283	2879	2883	7181	4446
1052	2193	2980	3117	1453	3631
1093	2194	3117	3227	3631	3243
1109	1814	3155	3393	1453	6116
1118	2078	3178	3285	3911	1453
1119	177	3179	3187	6116	5379
1128	178	3196	3240	5379	5398
1131	2360	3200	3228	4651	5498
1133	1860	3204	3302	4475	3125
1134	2445	3204	3296	3243	3631
1136	2407	3207	3328	7181	1075
1138	1611	3217	3221	6804	6949
1139	2853	3217	3366	1453	4377
1140	1697	3219	3296	1756	1175
1142	3070	3221	3261	5789	4185
1146	2195	3228	3301	3243	3631
1151	1612	3231	3294	6949	4377
1154	1144	3234	3322	2221	14
1159	2249	3243	3305	4780	997
1162	20	3254	3280	6142	1722
1165	131	3264	3320	4630	4377
1168	878	3265	3325	6804	4377
1169	2361	3269	3325	5498	3125
1170	2672	3269	3331	1938	1175
1182	179	3287	3317	5398	6116
1186	1076	3297	3311	4377	2262
1189	2446	3299	3328	3631	4185
1200	1145	3322	3368	14	2993
1201	2572	3331	3419	6296	7191
1206	2362	3335	3360	3125	4621
1208	2250	3338	3373	997	1075
1210	388	3344	3553	1453	3243
1212	2408	3345	3382	1075	997
1216	21	3356	3379	1722	6142
1217	1861	3358	3548	3125	2759
1227	180	3381	3639	6116	4513
1239	1815	3410	3456	6116	3139
1241	2409	3412	3442	997	1453
1256	1355	3453	3662	1014	6142
1263	1816	3472	3651	3139	1453
1267	1266	3504	3548	3631	6617
1270	1560	3512	3605	4513	3152
1275	1614	3528	3610	7191	4377
1287	774	3576	3585	830	3631
1288	1973	3576	3700	669	1419
1314	1267	3642	3687	6617	5624
1330	1414	3681	3686	7331	3125
1332	1268	3687	3696	5624	5789
1353	1146	3732	3834	2993	7331
1359	389	3752	3764	3243	1480
1369	183	3777	3842	4513	5915
1370	289	3779	3923	3870	5915
1375	1762	3799	4060	4513	6116
1378	390	3806	3818	1480	3243
1399	2576	3838	3943	4377	4513
1409	1356	3864	4066	6142	7331
1413	2673	3872	3936	1175	1938
1426	2322	3910	3934	3631	6888
1440	1415	3925	4022	3125	4475
1441	1975	3927	3967	6849	2759
1443	1148	3932	3996	1175	1938
1445	2674	3936	3937	1938	2993
1449	725	3938	3990	6849	2759
1451	666	3943	4061	1453	3911
1468	81	3996	4002	4621	750
1471	1616	4008	4083	7191	7181
1472	1976	4008	4202	2759	3125
1476	391	4009	4130	3243	830
1496	3071	4044	4097	4185	830
1498	1317	4055	4113	4377	6804
1517	141	4100	4158	960	4377
1519	82	4101	4140	750	7331
1525	2323	4117	4176	6888	3243
1533	3122	4132	4250	3139	3113
1536	933	4135	4200	3638	4630
1550	142	4175	4233	4377	6804
1551	552	4176	4305	4718	3251
1560	1977	4202	4214	3125	1184
1578	187	4235	4325	1419	3480
1581	2635	4246	4389	2221	6296
1603	2579	4286	4384	4718	2221
1608	1089	4298	4330	6900	5498
1609	553	4305	4307	3251	1453
1613	1673	4319	4369	6849	2759
1650	554	4420	4557	1453	3631
1699	1867	4591	4641	2759	6849
1701	192	4593	4639	1823	2744
1702	2637	4595	4833	1453	6116
1710	667	4618	4725	3911	1453
1711	1763	4619	4627	6116	5379
1713	556	4624	4666	5789	2949
1718	1764	4636	4680	5379	5398
1720	448	4640	4668	4651	5498
1723	1416	4644	4742	4475	3125
1727	1617	4647	4651	7181	4446
1729	1318	4657	4661	6804	6949
1730	1819	4657	4806	1453	4377
1731	1699	4659	4736	1756	1175
1735	557	4666	4916	2949	2759
1740	1319	4671	4734	6949	4377
1744	2580	4674	4762	2221	14
1749	1619	4683	4780	4780	1075
1752	882	4693	4841	4630	7191
1753	1514	4694	4720	6142	1722
1757	2524	4704	4760	4630	4377
1758	143	4705	4765	6804	4377
1759	1090	4709	4765	5498	3125
1767	3124	4723	4788	3631	508
1769	1765	4727	4757	5398	6116
1775	2325	4739	4768	3631	4185
1778	1918	4742	4778	1014	6900
1779	2417	4744	4805	4513	3870
1797	1620	4785	4822	1075	997
1800	1515	4796	4819	1722	6142
1809	607	4815	4862	1453	4196
1810	1766	4821	5079	6116	4513
1820	2638	4850	4896	6116	3139
1821	1675	4851	4891	699	5287
1836	398	4893	5102	1014	6142
1845	2418	4914	5038	3870	5915
1852	296	4952	5045	4513	3152
1856	3011	4966	5026	1419	2759
1858	354	4974	5035	3480	6710
1868	558	5008	5129	2759	699
1884	497	5060	5075	3113	4196
1900	1221	5098	5211	4377	5818
1907	498	5113	5199	4196	4513
1908	944	5119	5237	5915	5773
1916	2459	5148	5229	1014	2221
1917	246	5150	5232	4377	7191
1920	193	5154	5291	2744	7331
1923	355	5161	5223	6710	4513
1926	2264	5164	5254	4377	927
1940	1422	5197	5219	830	2925
1946	611	5219	5363	3870	5915
1947	2864	5222	5224	4238	4718
1949	1222	5225	5343	5818	4377
1953	945	5237	5239	5773	5100
1954	356	5239	5500	4513	6116
1955	2326	5241	5287	4185	830
1964	1423	5255	5330	2925	996
1968	2155	5258	5408	3243	4185
1992	399	5304	5506	6142	7331
1995	1700	5308	5381	1175	1756
1998	195	5312	5376	1175	1938
2006	844	5332	5406	3631	3243
2011	1374	5350	5374	3631	6888
2012	2085	5353	5439	4196	4513
2014	1424	5354	5427	996	2925
2024	449	5378	5405	5498	4651
2025	1043	5378	5430	6849	2759
2029	1701	5381	5436	1756	2993
2037	1286	5397	5471	1175	1756
2041	671	5408	5660	3139	4513
2044	1425	5432	5461	2925	3631
2051	3012	5448	5642	2759	3125
2052	845	5449	5570	3243	830
2064	248	5462	5602	4377	1453
2076	1322	5495	5553	4377	6804
2080	1870	5498	5550	6849	2759
2097	2534	5540	5598	960	4377
2100	732	5547	5587	3012	4630
2102	2581	5551	5586	14	2221
2104	1375	5557	5616	6888	3243
2110	2755	5572	5690	3139	3113
2133	2535	5615	5673	4377	6804
2139	2460	5625	5720	2221	7331
2143	3013	5642	5649	3125	1014
2149	1871	5656	5790	2759	699
2152	672	5660	5839	4513	4238
2165	2582	5686	5829	2221	6296
2179	617	5722	5923	5915	5789
2192	450	5759	5797	4651	1014
2193	1225	5759	5917	6849	1014
2222	1773	5860	5997	1453	3631
2225	2809	5879	5983	4513	4196
2238	1226	5927	6033	1014	1823
2254	452	5987	5988	2993	1938
2258	1774	5997	6107	3631	3243
2273	1585	6031	6081	2759	6849
2274	1830	6035	6273	1453	6116
2287	2756	6058	6165	3911	1453
2288	357	6059	6067	6116	5379
2297	358	6076	6120	5379	5398
2298	95	6080	6108	4651	5498
2301	1376	6084	6176	3243	3631
2302	1676	6084	6182	4475	3125
2305	155	6087	6208	7181	1075
2306	2585	6090	6160	3349	1453
2307	1323	6097	6101	6804	6949
2308	2874	6097	6246	1453	4377
2309	1287	6099	6176	1756	1175
2310	1324	6101	6155	6949	4513
2319	453	6111	6180	1938	1175
2321	737	6114	6224	4377	1453
2327	679	6123	6152	4780	3349
2331	2042	6133	6281	4630	7191
2337	2693	6144	6200	4630	4377
2338	2536	6145	6205	6804	4377
2339	96	6149	6205	5498	3125
2340	196	6149	6211	1938	1175
2348	1428	6163	6228	3631	508
2349	359	6167	6197	5398	6116
2366	2694	6200	6208	4377	6235
2369	681	6211	6299	6296	7191
2377	2758	6218	6253	997	1075
2379	156	6225	6262	1075	997
2381	1879	6226	6272	5789	4185
2385	97	6238	6428	3125	2759
2389	2695	6242	6308	6235	2354
2396	360	6261	6519	6116	4513
2407	1831	6290	6336	6116	3139
2429	2095	6333	6542	1014	6142
2467	98	6448	6569	2759	699
2479	1429	6476	6545	508	3631
2513	257	6559	6682	5915	5100
2556	798	6659	6803	3870	5915
2564	1476	6679	6940	4513	6116
2600	1681	6738	6796	3125	5498
2602	2096	6744	6946	6142	7331
2606	454	6752	6816	1175	1938
2618	1435	6790	6814	3631	6888
2631	2761	6804	6958	1075	4377
2634	898	6807	6847	6849	2759
2636	1288	6812	6876	1175	1938
2638	455	6816	6925	1938	6142
2641	1682	6818	6845	5498	4651
2642	2275	6818	6870	6849	2759
2644	2005	6823	6941	1453	3911
2656	197	6868	6941	1175	1756
2659	1227	6874	6966	1823	1184
2665	2222	6888	6963	7191	7181
2666	2276	6888	7082	2759	3125
2669	1781	6889	7010	3243	830
2697	366	6938	6990	6849	2759
2718	1436	6997	7056	6888	3243
2721	1228	7007	7020	1184	7331
2723	2644	7012	7130	3139	3113
2733	2886	7031	7100	960	3251
2739	2542	7045	7172	4718	3251
2743	1110	7055	7113	4377	6804
2757	367	7096	7230	2759	699
2761	2887	7100	7152	3251	4196
2783	800	7155	7162	699	5915
2789	417	7166	7264	4718	2221
2792	2543	7172	7174	3251	1453
2809	1836	7237	7317	3139	3911
2812	2764	7252	7364	4513	1419
2825	631	7290	7292	1419	6849
2832	2544	7300	7437	1453	3631
2834	2821	7310	7444	3631	1453
2845	2765	7364	7366	1419	6849
2872	1591	7458	7599	4718	2354
2877	2589	7480	7525	960	4377
2892	2223	7527	7648	7181	1075
2900	2478	7554	7642	2221	14
2907	1111	7585	7645	6804	4377
2909	266	7590	7759	669	830
2920	162	7624	7685	4513	3870
2923	802	7636	7694	2759	4778
2926	3101	7651	7653	6296	4446
2933	2822	7658	7798	1453	4377
2936	422	7678	7868	3125	2759
2938	2340	7686	7805	4718	4513
2940	2479	7700	7734	14	3638
2941	1477	7701	7959	6116	4513
2942	2224	7704	7858	1075	4377
2946	1948	7714	7727	1419	4778
2949	1949	7727	7771	4778	2759
2951	372	7731	7850	5789	3243
2952	3102	7733	7784	4446	3349
2965	1437	7793	7869	3243	3631
2966	163	7794	7918	3870	5915
2973	2341	7832	7925	4513	3152
2978	1643	7854	7915	3480	6710
2980	2972	7857	7904	4196	1453
2987	3103	7878	7923	3349	6296
2988	1950	7888	8009	2759	699
2995	3104	7923	8011	6296	7191
2999	164	7940	7947	5915	699
3000	3193	7940	7955	3113	4196
3012	2766	8025	8111	6849	4513
3017	47	8063	8153	877	4446
3019	1892	8072	8257	669	830
3022	2706	8097	8162	4513	5915
3024	2648	8099	8245	4718	877
3026	2767	8119	8380	4513	6116
3034	2481	8154	8165	4621	1070
3038	2707	8189	8196	5915	699
3040	969	8208	8300	669	1419
3041	2889	8208	8294	4513	6849
3043	693	8219	8368	4718	3251
3046	48	8232	8285	4446	4238
3047	526	8239	8328	4513	4196
3049	1593	8242	8244	4238	4718
3051	2649	8259	8324	877	3113
3054	49	8285	8305	4238	6263
3055	1533	8286	8307	4621	1014
3058	423	8328	8522	2759	3125
3060	527	8337	8384	4196	1453
3061	2650	8343	8507	3113	830
3064	1844	8348	8530	1453	3139
3065	3194	8353	8439	4196	4513
3066	2287	8359	8440	1014	2997
3067	2432	8361	8463	4513	4377
3068	694	8368	8420	3251	4196
3072	1178	8418	8529	5789	3113
3079	2482	8474	8500	1070	4010
3080	634	8495	8553	4377	6804
3081	2289	8529	8608	3480	1419
3082	872	8536	8681	669	830
3083	1179	8537	8590	3113	877
3085	2890	8544	8581	6849	3959
3089	529	8593	8685	877	4446
3090	2708	8595	8714	699	2759
3092	2891	8597	8657	3959	4513
3093	1438	8600	8698	3631	3113
3095	1536	8619	8678	3480	6710
3096	1246	8673	8818	669	830
3097	2973	8740	8877	1453	3631
3098	2545	8750	8884	3631	1453
3100	1247	8818	8820	830	5789
3102	1439	8903	9005	3113	3631
3104	3195	8953	9012	4513	3959
3105	2483	8979	9049	4010	6563
3107	3196	9020	9060	3959	6849
3108	635	9025	9085	6804	4377
3109	50	9046	9070	6263	4377
3110	2484	9049	9096	6563	4888
3112	2546	9068	9174	1453	3911
3114	424	9118	9308	3125	2759
3115	744	9135	9182	1453	4196
3116	2768	9141	9399	6116	4513
3117	1951	9147	9287	699	2759
3118	2600	9185	9291	3911	1453
3123	3197	9225	9311	6849	4513
3129	425	9328	9449	2759	699
3137	745	9433	9519	4196	4513
3140	1120	9490	9513	4377	4446
3142	2601	9548	9654	1453	3911
3143	696	9559	9820	4513	6116
3144	1784	9561	9607	4185	830
3148	1248	9596	9843	5789	3480
3150	1785	9607	9609	830	5789
3152	2974	9652	9726	3631	3243
3154	2602	9665	9771	3911	1453
3155	2827	9668	9673	4377	4718
3156	2549	9673	9759	4196	4513
3160	2061	9682	9819	1014	2993
3164	1952	9768	9962	2759	3125
3165	2603	9771	9771	1453	877
3167	2604	9772	9937	877	4238
3168	3199	9772	9833	4377	4630
3170	1594	9813	9837	4718	3012
3171	2485	9816	9904	4888	2997
3173	904	9843	9860	4513	927
3174	1121	9856	9886	4446	960
3175	1249	9860	9906	3480	2997
3176	1786	9878	10025	5789	669
3177	3047	9887	10036	5789	669
3178	2895	9892	9953	4377	4630
3179	1250	9915	9965	2997	3480
3180	530	9917	10017	4446	4513
3181	2486	9929	10012	2997	7331
3182	51	9935	9993	4377	6804
3183	2605	9937	9939	4238	4718
3184	1251	9975	10059	3480	699
3186	748	9990	10059	1453	960
3187	2828	10011	10080	4718	4513
3188	2487	10012	10014	7331	1014
3189	2488	10014	10058	1014	6900
3190	531	10022	10080	4513	1419
3191	1730	10033	10080	2759	4513
3192	426	10035	10080	699	2759
3193	1787	10035	10058	669	6710
3195	1440	10040	10080	3631	3113
3196	3048	10043	10080	669	1419
3197	2606	10046	10080	4718	2221
3198	2342	10062	10080	3152	1419
